Time	VideoShare	AudioShare	VideoMbps	AudioMbps
3	0.439768	0.560232	1.0105	1.2873
4	0.515385	0.484615	0.804	0.756
5	0.586466	0.413534	0.936	0.66
6	0.453323	0.546677	0.72	0.868272
7	0.478697	0.521303	0.705232	0.768
8	0.411111	0.588889	0.888	1.272
9	0.494118	0.505882	1.008	1.032
10	0.320682	0.679318	0.504	1.06765
11	1	0	1.8	0
12	0.282143	0.717857	0.948	2.412
13	0.886762	0.113238	1.69149	0.216
14	0	1	0	2.016
15	0	1	0	1.04793
17	0.945901	0.0540993	3.77666	0.216
18	0	1	0	1.2
19	0	1	0	3.56793
20	1	0	0.096	0
21	1	0	1.00466	0
22	0	1	0	0.096
23	0	1	0	2.976
24	0.0101201	0.98988	0.012	1.17376
25	1	0	0.012	0
28	0	1	0	1.55196
29	0.0697674	0.930233	0.072	0.96
30	0.216182	0.783818	0.288	1.04421
31	0.361176	0.638824	0.624768	1.10505
32	0.448998	0.551002	0.78	0.9572
33	0.0653437	0.934656	0.171008	2.44605
35	0.573246	0.426754	0.706624	0.526048
36	0.606497	0.393503	1.23918	0.804
37	0.322192	0.677808	0.54736	1.1515
38	0.437305	0.562695	0.630384	0.811136
39	0.526536	0.473464	0.558608	0.502304
40	0.595356	0.404644	0.869792	0.591168
41	0.292164	0.707836	0.42752	1.03577
42	0.385732	0.614268	0.707136	1.1261
43	0.362638	0.637362	0.68712	1.20766
44	0	1	0	1.37224
45	0.542587	0.457413	0.782896	0.66
46	0.256375	0.743625	0.916704	2.65894
47	0	1	0	0.06
48	0.596493	0.403507	0.904704	0.612
49	0.410403	0.589597	0.648	0.930936
50	0.465177	0.534823	0.219184	0.252
51	0.286996	0.713004	0.768	1.908
52	0.189836	0.810164	0.164896	0.703728
53	0	1	0	0.108
54	0.318321	0.681679	1.08	2.3128
55	0.799975	0.200025	0.611104	0.1528
56	0.792079	0.207921	0.96	0.252
57	0.558495	0.441505	0.455392	0.36
58	0.800711	0.199289	3.03749	0.756
59	0.130435	0.869565	0.036	0.24
60	0.555327	0.444673	0.553488	0.4432
61	0.506977	0.493023	1.308	1.272
62	0.367474	0.632526	0.324	0.557696
63	0.483141	0.516859	0.931024	0.996
64	0.778755	0.221245	1.908	0.542064
65	0.250015	0.749985	0.477152	1.43134
67	0	1	0	0.564
68	0.732228	0.267772	2.3753	0.868632
69	0	1	0	1.3941
70	0.134449	0.865551	0.119296	0.768
71	0.0820936	0.917906	0.144	1.6101
72	0.421151	0.578849	0.216	0.29688
73	0.372549	0.627451	0.684	1.152
74	0.822272	0.177728	0.672	0.145248
75	0.402863	0.597137	0.607072	0.899824
76	0.43053	0.56947	0.823872	1.08975
77	0.392963	0.607037	0.838048	1.29459
78	0	1	0	0.578864
79	0.603521	0.396479	1.4997	0.985216
80	1	0	1.81638	0
81	0	1	0	0.497736
82	0.774513	0.225487	2.14565	0.624672
84	0	1	0	0.624472
85	0	1	0	1.27123
86	0.0326886	0.967311	0.048	1.4204
87	0.066641	0.933359	0.108	1.51262
88	0.667061	0.332939	0.820496	0.40952
89	1	0	1.212	0
90	1	0	1.54702	0
91	0.749878	0.250122	1.60456	0.5352
92	1	0	1.17222	0
93	1	0	1.13458	0
94	0.651251	0.348749	1.21243	0.649264
95	1	0	1.15517	0
96	1	0	1.3236	0
97	0.67803	0.32197	1.19715	0.56848
98	1	0	1.17397	0
99	1	0	1.48182	0
100	0	1	0	0.678568
101	1	0	0.94704	0
103	0	1	0	0.446144
104	1	0	1.13094	0
106	0	1	0	0.360704
107	1	0	0.743008	0
109	0	1	0	0.1112
110	1	0	0.600896	0
112	0	1	0	0.844288
113	1	0	0.185056	0
115	0	1	0	1.6818
116	1	0	1.40701	0
118	0	1	0	1.97767
119	1	0	2.79058	0
121	0.118877	0.881123	0.312	2.31255
122	1	0	0.534576	0
123	0.659474	0.340526	0.156	0.080552
124	0.951872	0.0481283	2.136	0.108
125	0.773007	0.226993	0.572112	0.168
126	0.907348	0.0926518	3.408	0.348
127	0.599029	0.400971	0.466112	0.312
128	0	1	0	0.228
129	0.825489	0.174511	3.85992	0.816
130	0	1	0	0.3
131	0.934009	0.0659911	0.612	0.04324
132	0.574823	0.425177	1.73592	1.284
133	0.913043	0.0869565	0.756	0.072
134	0.626904	0.373096	1.032	0.614184
135	1	0	0.307216	0
136	0	1	0	0.732
137	0.740439	0.259561	2.832	0.99276
138	0.0423182	0.957682	0.030592	0.692312
139	1	0	0.228	0
140	0.387536	0.612464	0.726592	1.14831
141	0.506024	0.493976	0.504	0.492
142	0.750526	0.249474	1.23798	0.411504
143	0.585916	0.414084	1.20555	0.852
144	0	1	0	0.492
145	0.928911	0.0710895	2.55325	0.1954
146	0	1	0	0.3
147	0.292795	0.707205	0.249248	0.602024
148	0.380192	0.619808	0.696	1.13466
149	0.335775	0.664225	0.732	1.44803
150	1	0	1.23909	0
151	0.428394	0.571606	0.726944	0.96996
152	1	0	2.22	0
153	1	0	0.19352	0
154	0	1	0	0.56048
155	1	0	1.61659	0
157	0	1	0	0.559024
158	1	0	0.933984	0
160	0	1	0	0.482432
161	1	0	0.931568	0
163	0	1	0	1.38892
164	1	0	0.803488	0
166	0	1	0	1.37722
167	1	0	2.30272	0
169	0.0799711	0.920029	0.07072	0.8136
170	1	0	0.636	0
171	1	0	1.6595	0
172	0	1	0	0.956888
173	1	0	1.35586	0
175	0	1	0	0.521632
176	1	0	1.59467	0
178	0	1	0	0.033864
179	1	0	0.869248	0
181	0	1	0	1.17272
182	1	0	0.056432	0
184	0	1	0	2.33326
185	1	0	1.95438	0
186	0	1	0	0.089256
187	0	1	0	0.3
188	0.638375	0.361625	3.89648	2.20727
190	1	0	0.156	0
191	1	0	0.936	0
192	0.469156	0.530844	1.30448	1.476
193	0.675266	0.324734	1.008	0.484744
194	1	0	0.924	0
195	0.330495	0.669505	1.03506	2.09678
198	0.602348	0.397652	3.25576	2.14935
199	0	1	0	0.012
201	1	0	0.612	0
202	0.973389	0.0266111	1.75576	0.048
203	0.98104	0.0189597	1.86277	0.036
204	0.829787	0.170213	0.468	0.096
205	0.948936	0.0510643	3.12197	0.168
206	1	0	0.288	0
207	0.849546	0.150454	1.69397	0.3
208	0.891304	0.108696	1.476	0.18
209	0.634315	0.365685	0.749344	0.432
210	0.46729	0.53271	0.6	0.684
211	0.682848	0.317152	2.1617	1.00401
212	0	1	0	0.012
213	0.598646	0.401354	2.436	1.63318
214	1	0	0.826016	0
215	0.916667	0.0833333	0.132	0.012
216	0.204955	0.795045	0.288	1.11718
217	0.610306	0.389694	1.09002	0.696
218	0.90566	0.0943396	1.152	0.12
219	0.639706	0.360294	1.044	0.588
220	0.520405	0.479595	0.286464	0.264
221	0.854545	0.145455	2.256	0.384
222	0.585467	0.414533	0.334016	0.236496
223	0.766949	0.233051	2.172	0.66
224	1	0	0.251488	0
225	0.477011	0.522989	0.996	1.092
226	0.85714	0.14286	1.19066	0.198448
228	0.593379	0.406621	2.268	1.55418
229	0.2938	0.7062	0.605088	1.45443
230	1	0	0.132	0
231	0.108911	0.891089	0.132	1.08
232	0.754456	0.245544	0.713088	0.23208
233	0.303953	0.696047	0.756	1.73122
234	0.116409	0.883591	0.252	1.91278
235	1	0	0.984	0
236	0.248311	0.751689	0.66	1.99796
237	1	0	0.031696	0
239	0.447153	0.552847	2.148	2.65572
240	0	1	0	0.252
241	0.948343	0.0516574	1.16979	0.06372
242	0.416667	0.583333	0.24	0.336
243	0.729873	0.270127	1.36179	0.504
244	0.553191	0.446809	0.936	0.756
245	0.837295	0.162705	1.116	0.216864
246	0.558374	0.441626	1.57792	1.248
247	0	1	0	0.238448
249	0.602624	0.397376	3.02088	1.992
250	0	1	0	0.527784
252	0.761814	0.238186	2.448	0.765384
253	1	0	0.017552	0
254	0.108108	0.891892	0.144	1.188
255	0.266993	0.733007	0.257552	0.707088
256	0.14389	0.85611	0.36	2.14191
257	1	0	0.3	0
258	0.418534	0.581466	0.78	1.08365
259	0.389432	0.610568	1.212	1.90022
260	1	0	0.24	0
261	0.334539	0.665461	1.09163	2.17146
263	0	1	0	0.012
264	0.930018	0.0699823	1.27578	0.096
265	0.935767	0.0642331	3.14675	0.216
266	0.806452	0.193548	0.3	0.072
267	0.741899	0.258101	1.31075	0.456
268	0.781915	0.218085	1.764	0.492
269	0.921526	0.0784742	0.857712	0.07304
270	0.62859	0.37141	1.80579	1.06698
272	0.787202	0.212798	2.556	0.690944
273	1	0	0.598624	0
274	0.26997	0.73003	0.264	0.713888
275	0.541383	0.458617	1.10262	0.934056
276	1	0	1.044	0
277	0.431181	0.568819	1.356	1.78885
278	1	0	0.24	0
279	0.154736	0.845264	0.303376	1.65722
281	0.596337	0.403663	1.824	1.23467
282	1	0	0.517456	0
283	0	1	0	0.74252
284	1	0	1.77856	0
285	1	0	1.1513	0
286	0.64037	0.35963	1.18981	0.668192
287	1	0	1.55675	0
288	1	0	2.96899	0
289	0	1	0	0.58148
290	1	0	0.532992	0
291	1	0	1.464	0
292	0.815315	0.184685	1.29776	0.293968
293	1	0	2.05792	0
295	0.904273	0.0957271	2.35131	0.248912
296	1	0	0.968848	0
297	1	0	0.489664	0
298	0	1	0	0.277624
299	1	0	0.414848	0
301	0	1	0	0.307864
302	1	0	0.462288	0
304	0	1	0	0.649792
305	1	0	0.51296	0
307	0	1	0	0.880232
308	1	0	1.0827	0
310	0	1	0	1.48058
311	1	0	1.46691	0
313	0	1	0	1.24575
314	1	0	2.45536	0
316	0.0905954	0.909405	0.17536	1.76028
317	1	0	0.204	0
318	1	0	1.87253	0
319	0	1	0	1.26254
320	1	0	1.776	0
321	1	0	1.15779	0
322	0	1	0	0.925104
323	1	0	2.10395	0
325	0	1	0	0.474688
326	1	0	1.54142	0
328	0	1	0	2.2051
329	1	0	0.790864	0
330	0	1	0	0.012
331	0	1	0	0.12
332	0.629196	0.370804	3.68302	2.17051
334	1	0	0.18	0
335	0.716246	0.283754	1.15102	0.456
336	0.441489	0.558511	0.996	1.26
337	0.658235	0.341765	1.152	0.598136
338	1	0	0.936	0
339	0.176587	0.823413	0.445792	2.0787
340	1	0	2.976	0
342	0.315853	0.684147	0.869024	1.88233
343	1	0	0.156	0
344	1	0	0.252	0
345	0.406214	0.593786	1.02502	1.49834
346	1	0	0.912	0
347	0.298825	0.701175	0.54	1.26708
348	1	0	1.248	0
349	0.309903	0.690097	0.48808	1.08686
350	1	0	1.824	0
351	1	0	1.30134	0
352	0	1	0	1.25507
353	1	0	0.653344	0
354	1	0	0.684	0
355	0.638098	0.361902	1.8135	1.02854
356	1	0	1.716	0
357	1	0	0.39552	0
358	0.713479	0.286521	1.81115	0.727328
360	1	0	2.09178	0
361	0.645994	0.354006	1.7141	0.939328
363	1	0	1.21194	0
364	0	1	0	0.640072
365	1	0	1.56526	0
367	0	1	0	0.929992
368	1	0	1.06637	0
370	0	1	0	0.850368
371	1	0	1.54998	0
373	0	1	0	1.02882
374	1	0	1.41755	0
376	0	1	0	0.6682
377	1	0	1.71456	0
379	0	1	0	1.02422
380	1	0	1.11352	0
382	0	1	0	2.14342
383	1	0	1.70688	0
385	0	1	0	1.68675
386	1	0	3.56022	0
388	0.175024	0.824976	0.336	1.58374
389	1	0	1.60422	0
391	0.536206	0.463794	1.82725	1.58049
393	1	0	2.388	0
394	0.153704	0.846296	0.239552	1.31898
395	1	0	0.299552	0
396	1	0	0.576	0
397	0.587284	0.412716	2.05814	1.44637
