Segment_Index Download_Request_Sent Download_Start Download_End Segment_Size Download_OK
            0               2.09632        2.19735      2.19999         3128           Y
            1               2.19901        2.29876      2.46045        44788           Y
            2               2.46045        2.56065      2.70967        83412           Y
            3               2.70967        2.81062      2.90731        92274           Y
            4               2.90731        3.00711      3.05256        56210           Y
            5               3.05256        3.15231      3.19803        56494           Y
            6               3.19803        3.29782      3.33288        43658           Y
            7               3.33288        3.43263      3.48081        32596           Y
            8               3.48081        3.58056      3.64755        41642           Y
            9               3.64755         3.7473      3.81337        33180           Y
           10               3.81337        3.91312      3.97158        38444           Y
           11               3.97158        4.07189      4.12123        33376           Y
           12               4.12123        4.22103      4.26996        32942           Y
           13               4.26996        4.36971      4.40183        22196           Y
           14               4.40183        4.50162      4.59483        25740           Y
           15               4.59483        4.69462      4.84462        44300           Y
           16               4.84462        4.94436       5.0687        42024           Y
           17                5.0687        5.16849      5.29244        48390           Y
           18               5.29244        5.39224      5.51552        56032           Y
           19               5.51552        5.61526       5.7158        54032           Y
           20               34.2683         34.368      34.8071       112556           Y
           21               36.5075        36.6072      36.8175       204056           Y
           22               39.4515        39.5513       39.797       170788           Y
           23               41.6825        41.7822      41.9685       142026           Y
           24               45.5578        45.6575      45.8029       114824           Y
           25               46.8305        46.9302      47.0646       104946           Y
           26               52.7102        52.8099      53.1332       288064           Y
           27               53.1332         53.233       53.891       280296           Y
           28               54.8168        54.9166      55.1708       259990           Y
           29               60.7445        60.8442      61.1519       260812           Y
           30               64.4975        64.5972       64.775       180962           Y
           31               67.7343         67.834      68.0443       219144           Y
           32               68.4772        68.5769      69.2129       544846           Y
           33               71.1776        71.2774      71.5804       282550           Y
           34                76.496        76.5957      77.0412       429728           Y
           35               76.6862        76.7868      77.1766       231128           Y
           36               81.5662        81.6659      81.9194       288106           Y
           37               81.9194        82.0192      82.2334       259568           Y
           38               88.0671        88.1669      88.7239       529286           Y
           39               88.7239        88.8237      89.2518       515898           Y
           40               91.2388        91.3385      91.9262       660316           Y
           41               97.1819        97.2816      97.8974       669498           Y
           42               97.8974        97.9971      98.6793       717700           Y
           43               103.722        103.822      104.428       643228           Y
           44               104.428        104.528       104.89       384562           Y
           45               106.823        106.923       107.87       998702           Y
           46               111.716        111.815      112.348       589022           Y
           47               115.655        115.755      116.227       539598           Y
           48               116.786        116.886      117.524       717554           Y
