     Time_Now Bytes Received 
      2.19735          1448
      2.19976          1448
      2.19999           232
      2.29996          1448
      2.30237          1448
      2.30477          1448
      2.30717          1448
      2.30958          1448
      2.31198          1448
      2.31438          1448
      2.31679          1448
      2.31919          1448
      2.32159          1448
        2.324          1448
       2.3264          1448
       2.4021          1448
       2.4045          1448
      2.40931          1448
      2.41412          1448
      2.41892          1448
      2.42253          1448
      2.42734          1448
      2.43206          1448
      2.43326          1448
      2.43446          1448
      2.43567          1448
      2.43744          1448
      2.44076          1448
      2.44408          1448
      2.44741          1448
      2.45073          1448
      2.45405          1448
      2.45737          1448
      2.46045          1348
      2.56065          1448
      2.56425          1448
      2.56786          1448
      2.57146          1448
      2.57507          1448
      2.57867          1448
      2.58228          1448
      2.58588          1448
      2.58949          1448
      2.59309          1448
      2.59429          1448
       2.5955          1448
       2.5967          1448
       2.5979          1448
       2.5991          1448
       2.6003          1448
       2.6015          1448
       2.6027          1448
      2.60391          1448
      2.60511          1448
      2.60725          1448
      2.60961          1448
      2.61196          1448
      2.61431          1448
      2.61666          1448
      2.61902          1448
      2.62137          1448
      2.62372          1448
      2.62607          1448
      2.62843          1448
      2.63078          1448
      2.63438          1448
      2.63799          1448
      2.64159          1448
       2.6452          1448
       2.6488          1448
      2.65241          1448
      2.66399          1448
      2.66634          1448
      2.66869          1448
      2.67105          1448
       2.6734          1448
      2.67575          1448
       2.6781          1448
      2.68046          1448
      2.68281          1448
      2.68516          1448
      2.68751          1448
      2.68987          1448
      2.69222          1448
      2.69457          1448
      2.69692          1448
      2.69928          1448
      2.70163          1448
      2.70398          1448
      2.70634          1448
      2.70869          1448
      2.70967           876
      2.81062          1448
      2.81302          1448
      2.81543          1448
      2.81783          1448
      2.82023          1448
      2.82264          1448
      2.82504          1448
      2.82744          1448
      2.82985          1448
      2.83225          1448
      2.83465          1448
      2.83706          1448
      2.83946          1448
      2.84186          1448
      2.84427          1448
      2.84667          1448
      2.84907          1448
      2.85148          1448
      2.85356          1448
      2.85476          1448
      2.85596          1448
      2.85717          1448
      2.85837          1448
      2.85957          1448
      2.86077          1448
      2.86197          1448
      2.86317          1448
      2.86437          1448
      2.86558          1448
      2.86678          1448
      2.86798          1448
      2.86918          1448
      2.87038          1448
      2.87158          1448
      2.87279          1448
      2.87399          1448
      2.87519          1448
      2.87639          1448
      2.87759          1448
      2.87879          1448
         2.88          1448
       2.8812          1448
       2.8824          1448
       2.8836          1448
       2.8848          1448
        2.886          1448
       2.8872          1448
      2.88841          1448
      2.88961          1448
      2.89081          1448
      2.89201          1448
      2.89321          1448
      2.89441          1448
      2.89562          1448
      2.89682          1448
      2.89802          1448
      2.89922          1448
      2.90042          1448
      2.90162          1448
      2.90283          1448
      2.90403          1448
      2.90523          1448
      2.90643          1448
      2.90731          1050
      3.00711          1448
      3.00831          1448
      3.00951          1448
      3.01071          1448
      3.01191          1448
      3.01311          1448
      3.01432          1448
      3.01552          1448
      3.01672          1448
      3.01792          1448
      3.01912          1448
      3.02032          1448
      3.02153          1448
      3.02273          1448
      3.02393          1448
      3.02513          1448
      3.02633          1448
      3.02753          1448
      3.02874          1448
      3.02994          1448
      3.03114          1448
      3.03234          1448
      3.03354          1448
      3.03474          1448
      3.03594          1448
      3.03715          1448
      3.03835          1448
      3.03955          1448
      3.04075          1448
      3.04195          1448
      3.04315          1448
      3.04436          1448
      3.04556          1448
      3.04676          1448
      3.04796          1448
      3.04916          1448
      3.05036          1448
      3.05157          1448
      3.05256          1186
      3.15231          1448
      3.15351          1448
      3.15471          1448
      3.15591          1448
      3.15711          1448
      3.15831          1448
      3.15952          1448
      3.16072          1448
      3.16192          1448
      3.16312          1448
      3.16432          1448
      3.16552          1448
      3.16673          1448
      3.16793          1448
      3.16913          1448
      3.17033          1448
      3.17153          1448
      3.17273          1448
      3.17394          1448
      3.17514          1448
      3.17634          1448
      3.17754          1448
      3.17874          1448
      3.17994          1448
      3.18114          1448
      3.18235          1448
      3.18355          1448
      3.18475          1448
      3.18595          1448
      3.18715          1448
      3.18835          1448
      3.18956          1448
      3.19076          1448
      3.19196          1448
      3.19316          1448
      3.19436          1448
      3.19556          1448
      3.19677          1448
      3.19797          1448
      3.19803            22
      3.29782          1448
      3.29902          1448
      3.30022          1448
      3.30142          1448
      3.30263          1448
      3.30383          1448
      3.30503          1448
      3.30623          1448
      3.30743          1448
      3.30863          1448
      3.30984          1448
      3.31104          1448
      3.31224          1448
      3.31344          1448
      3.31464          1448
      3.31584          1448
      3.31704          1448
      3.31825          1448
      3.31945          1448
      3.32065          1448
      3.32185          1448
      3.32305          1448
      3.32425          1448
      3.32546          1448
      3.32666          1448
      3.32786          1448
      3.32906          1448
      3.33026          1448
      3.33146          1448
      3.33267          1448
      3.33288           218
      3.43263          1448
       3.4349          1448
      3.43716          1448
      3.43942          1448
      3.44169          1448
      3.44395          1448
      3.44622          1448
      3.44848          1448
      3.45074          1448
      3.45301          1448
      3.45527          1448
      3.45754          1448
       3.4598          1448
      3.46206          1448
      3.46433          1448
      3.46659          1448
      3.46886          1448
      3.47112          1448
      3.47338          1448
      3.47565          1448
      3.47791          1448
      3.48018          1448
      3.48081           740
      3.58056          1448
      3.58282          1448
      3.58509          1448
      3.58735          1448
      3.58961          1448
      3.59188          1448
      3.59414          1448
      3.59641          1448
      3.59867          1448
      3.60094          1448
       3.6032          1448
      3.60546          1448
      3.60773          1448
      3.60999          1448
      3.61226          1448
      3.61452          1448
      3.61678          1448
      3.61905          1448
      3.62131          1448
      3.62357          1448
      3.62584          1448
       3.6281          1448
      3.63037          1448
      3.63263          1448
      3.63489          1448
       3.6373          1448
       3.6409          1448
      3.64451          1448
      3.64755          1098
       3.7473          1448
      3.74956          1448
      3.75183          1448
      3.75409          1448
      3.75636          1448
      3.75862          1448
      3.76088          1448
      3.76315          1448
      3.76541          1448
      3.76791          1448
      3.77151          1448
      3.77512          1448
      3.77872          1448
      3.78233          1448
      3.78593          1448
      3.78954          1448
      3.79194          1448
      3.79555          1448
      3.79915          1448
      3.80275          1448
      3.80636          1448
      3.80996          1448
      3.81337          1324
      3.91312          1448
      3.91672          1448
      3.92033          1448
      3.92393          1448
      3.92754          1448
      3.93114          1448
      3.93475          1448
      3.93715          1448
      3.94076          1448
      3.94436          1448
      3.94797          1448
      3.95157          1448
      3.95528          1448
      3.95648          1448
      3.95768          1448
      3.95888          1448
      3.96008          1448
      3.96128          1448
      3.96249          1448
      3.96369          1448
      3.96489          1448
      3.96609          1448
      3.96729          1448
      3.96849          1448
       3.9697          1448
       3.9709          1448
      3.97158           796
      4.07189          1448
       4.0755          1448
       4.0791          1448
       4.0827          1448
      4.08602          1448
      4.08722          1448
      4.08842          1448
      4.08962          1448
      4.09083          1448
      4.09203          1448
      4.09396          1448
      4.09623          1448
      4.09849          1448
      4.10076          1448
      4.10302          1448
      4.10529          1448
      4.10755          1448
      4.10981          1448
      4.11208          1448
      4.11434          1448
       4.1166          1448
      4.11887          1448
      4.12113          1448
      4.12123            72
      4.22103          1448
      4.22329          1448
      4.22555          1448
      4.22782          1448
      4.23008          1448
      4.23234          1448
      4.23461          1448
      4.23687          1448
      4.23914          1448
       4.2414          1448
      4.24367          1448
      4.24593          1448
      4.24819          1448
      4.25046          1448
      4.25272          1448
      4.25498          1448
      4.25725          1448
      4.25951          1448
      4.26178          1448
      4.26404          1448
       4.2663          1448
      4.26857          1448
      4.26996          1086
      4.36971          1448
      4.37198          1448
      4.37424          1448
       4.3765          1448
      4.37877          1448
      4.38103          1448
       4.3833          1448
      4.38556          1448
      4.38782          1448
      4.39009          1448
      4.39235          1448
      4.39462          1448
      4.39688          1448
      4.39914          1448
      4.40141          1448
      4.40183           476
      4.50162          1448
      4.50667          1448
      4.51172          1448
      4.51676          1448
      4.52181          1448
      4.52686          1448
      4.53191          1448
      4.53695          1448
        4.542          1448
      4.54705          1448
      4.55209          1448
      4.55809          1448
       4.5641          1448
      4.57011          1448
      4.57612          1448
      4.58333          1448
      4.58934          1448
      4.59483          1124
      4.69462          1448
      4.69975          1448
      4.70696          1448
      4.71297          1448
      4.71898          1448
      4.72499          1448
      4.73099          1448
       4.7382          1448
      4.74421          1448
      4.74834          1448
      4.74955          1448
      4.75075          1448
      4.75518          1448
      4.76023          1448
      4.76527          1448
      4.77032          1448
      4.77537          1448
      4.78042          1448
      4.78546          1448
      4.79051          1448
      4.79556          1448
       4.8006          1448
      4.80565          1448
       4.8107          1448
      4.81574          1448
      4.82079          1448
      4.82584          1448
      4.83089          1448
      4.83593          1448
      4.84098          1448
      4.84462           860
      4.94436          1448
      4.94877          1448
      4.95317          1448
      4.95758          1448
      4.96198          1448
      4.96639          1448
      4.97079          1448
       4.9752          1448
       4.9796          1448
      4.98401          1448
      4.98841          1448
      4.99319          1448
       4.9992          1448
      5.00521          1448
      5.01002          1448
      5.01602          1448
      5.02203          1448
      5.02684          1448
      5.03285          1448
      5.03885          1448
      5.04366          1448
      5.04887          1448
      5.05008          1448
      5.05128          1448
      5.05248          1448
      5.05448          1448
      5.05889          1448
      5.06329          1448
      5.06769          1448
       5.0687            32
      5.16849          1448
      5.17231          1448
      5.17613          1448
      5.17994          1448
      5.18376          1448
      5.18758          1448
       5.1914          1448
      5.19521          1448
      5.19903          1448
      5.20285          1448
      5.20667          1448
      5.21048          1448
       5.2143          1448
      5.21812          1448
      5.22194          1448
      5.22575          1448
      5.22957          1448
      5.23339          1448
       5.2372          1448
      5.24102          1448
      5.24484          1448
      5.24866          1448
      5.25247          1448
      5.25629          1448
      5.26011          1448
      5.26393          1448
      5.26774          1448
      5.27156          1448
      5.27538          1448
      5.27919          1448
      5.28301          1448
      5.28683          1448
      5.29065          1448
      5.29244           606
      5.39224          1448
      5.39551          1448
      5.39878          1448
      5.40205          1448
      5.40532          1448
       5.4086          1448
      5.41187          1448
      5.41514          1448
      5.41841          1448
      5.42168          1448
      5.42496          1448
      5.42823          1448
       5.4315          1448
      5.43477          1448
      5.43804          1448
      5.44132          1448
      5.44459          1448
      5.44786          1448
      5.45113          1448
       5.4544          1448
      5.45768          1448
      5.46095          1448
      5.46422          1448
      5.46749          1448
      5.47076          1448
      5.47404          1448
      5.47731          1448
      5.48058          1448
      5.48385          1448
      5.48712          1448
       5.4904          1448
      5.49367          1448
      5.49694          1448
      5.50021          1448
      5.50349          1448
      5.50676          1448
      5.51003          1448
       5.5133          1448
      5.51552          1008
      5.61526          1448
      5.61805          1448
      5.62083          1448
      5.62361          1448
      5.62639          1448
      5.62917          1448
      5.63195          1448
      5.63473          1448
      5.63751          1448
       5.6403          1448
      5.64308          1448
      5.64586          1448
      5.64864          1448
      5.65142          1448
       5.6542          1448
      5.65698          1448
      5.65977          1448
      5.66255          1448
      5.66533          1448
      5.66811          1448
      5.67089          1448
      5.67367          1448
      5.67645          1448
      5.67923          1448
      5.68201          1448
       5.6848          1448
      5.68758          1448
      5.69036          1448
      5.69314          1448
      5.69592          1448
       5.6987          1448
      5.70148          1448
      5.70426          1448
      5.70705          1448
      5.70983          1448
      5.71261          1448
      5.71539          1448
       5.7158           456
       34.368          1448
      34.3715          1448
       34.375          1448
      34.3785          1448
      34.4712          1448
      34.4747          1448
      34.4782          1448
      34.4817          1448
      34.5744          1448
      34.5779          1448
      34.5814          1448
      34.5849          1448
      34.5883          1448
      34.5918          1448
      34.5953          1448
      34.5988          1448
      34.6023          1448
      34.6057          1448
      34.6092          1448
      34.6127          1448
      34.6162          1448
      34.6196          1448
      34.6231          1448
      34.6266          1448
      34.6301          1448
      34.6335          1448
       34.637          1448
      34.6405          1448
       34.644          1448
      34.6474          1448
      34.6509          1448
      34.6544          1448
      34.6579          1448
      34.6614          1448
      34.6648          1448
      34.6683          1448
      34.6718          1448
      34.6753          1448
      34.6787          1448
      34.6822          1448
      34.6857          1448
      34.6892          1448
      34.6926          1448
      34.6961          1448
      34.6996          1448
      34.7031          1448
      34.7066          1448
        34.71          1448
      34.7135          1448
       34.717          1448
      34.7205          1448
      34.7239          1448
      34.7274          1448
      34.7309          1448
      34.7344          1448
      34.7378          1448
      34.7413          1448
      34.7448          1448
      34.7483          1448
      34.7517          1448
      34.7552          1448
      34.7587          1448
      34.7622          1448
      34.7657          1448
      34.7691          1448
      34.7726          1448
      34.7761          1448
      34.7796          1448
       34.783          1448
      34.7858          1448
      34.7886          1448
      34.7914          1448
      34.7942          1448
      34.7969          1448
      34.7997          1448
      34.8025          1448
      34.8053          1448
      34.8071          1060
      36.6072          1448
      36.6084          1448
      36.6096          1448
      36.6108          1448
       36.612          1448
      36.6132          1448
      36.6145          1448
      36.6157          1448
      36.6169          1448
      36.6181          1448
      36.6193          1448
      36.6205          1448
      36.6217          1448
      36.6229          1448
      36.6241          1448
      36.6253          1448
      36.6265          1448
      36.6277          1448
      36.6289          1448
      36.6301          1448
      36.6313          1448
      36.6325          1448
      36.6337          1448
      36.6349          1448
      36.6361          1448
      36.6373          1448
      36.6385          1448
      36.6397          1448
      36.6409          1448
      36.6421          1448
      36.6433          1448
      36.6445          1448
      36.6457          1448
      36.6469          1448
      36.6481          1448
      36.6493          1448
      36.6505          1448
      36.6517          1448
      36.6529          1448
      36.6541          1448
      36.6553          1448
      36.6565          1448
      36.6577          1448
      36.6589          1448
      36.6601          1448
      36.6613          1448
      36.6625          1448
      36.6637          1448
      36.6649          1448
      36.6661          1448
      36.6673          1448
      36.6685          1448
      36.6697          1448
      36.6709          1448
      36.6721          1448
      36.6733          1448
      36.6745          1448
      36.6757          1448
      36.6769          1448
      36.6781          1448
      36.6793          1448
      36.6805          1448
      36.6817          1448
      36.6829          1448
      36.6841          1448
      36.6853          1448
      36.6865          1448
      36.6877          1448
      36.6889          1448
      36.6902          1448
      36.6914          1448
      36.6926          1448
      36.6938          1448
       36.695          1448
      36.6962          1448
      36.6974          1448
      36.6986          1448
      36.6998          1448
       36.701          1448
      36.7022          1448
      36.7034          1448
      36.7046          1448
      36.7058          1448
       36.707          1448
      36.7082          1448
      36.7094          1448
      36.7106          1448
      36.7118          1448
       36.713          1448
      36.7142          1448
      36.8175         73736
      37.0615          1448
      37.0627          1448
      37.0639          1448
      37.0651          1448
      37.0663          1448
      37.0675          1448
      37.0687          1448
      37.0699          1448
      37.0711          1448
      37.0723          1448
      37.0735          1448
      37.0747          1448
      37.0759          1448
      37.0771          1448
      37.0783          1448
      37.0795          1448
      37.0807          1448
      37.0819          1448
      37.0831          1448
      37.0843          1448
      37.0855          1448
      37.0867          1448
      37.0879          1448
      37.0891          1448
      37.0903          1448
      37.0915          1448
      37.0927          1448
      37.0939          1448
      37.0951          1448
      37.0963          1448
      37.0975          1448
      37.0987          1448
      37.0999          1448
      37.1624          1448
      37.1636          1448
      37.1648          1448
       37.166          1448
      37.1672          1448
      37.1684          1448
      37.1696          1448
      37.1708          1448
       37.172          1448
      37.1732          1448
      37.1744          1448
      37.1756          1448
      37.1768          1448
       37.178          1448
      37.1792          1448
      37.1804          1448
      37.1816          1448
      39.5513          1448
      39.5537          1448
      39.5561          1448
      39.5585          1448
      39.5609          1448
      39.5633          1448
      39.5657          1448
      39.5681          1448
      39.5705          1448
      39.5729          1448
      39.5754          1448
      39.5778          1448
      39.5802          1448
      39.5826          1448
       39.585          1448
      39.5874          1448
      39.5898          1448
      39.5922          1448
      39.5946          1448
       39.597          1448
      39.5994          1448
      39.6018          1448
      39.6042          1448
      39.6066          1448
       39.609          1448
      39.6114          1448
      39.6138          1448
      39.6162          1448
      39.6187          1448
      39.6211          1448
      39.6235          1448
      39.6259          1448
      39.6283          1448
      39.6307          1448
      39.6331          1448
      39.6355          1448
      39.6379          1448
      39.6403          1448
      39.6427          1448
      39.6451          1448
      39.6475          1448
      39.6499          1448
      39.6523          1448
      39.6547          1448
      39.6567          1448
      39.6586          1448
      39.6605          1448
      39.6624          1448
      39.6644          1448
      39.6663          1448
      39.6682          1448
      39.6701          1448
      39.6721          1448
       39.674          1448
      39.6759          1448
      39.6778          1448
      39.6798          1448
      39.6817          1448
      39.6836          1448
      39.6855          1448
      39.6875          1448
      39.6894          1448
      39.6913          1448
      39.6932          1448
      39.6951          1448
      39.6971          1448
       39.699          1448
      39.7009          1448
      39.7028          1448
      39.7048          1448
      39.7067          1448
      39.7086          1448
      39.7105          1448
      39.7125          1448
      39.7144          1448
      39.7163          1448
      39.7182          1448
      39.7202          1448
      39.7221          1448
       39.724          1448
      39.7259          1448
      39.7279          1448
      39.7298          1448
      39.7317          1448
      39.7336          1448
      39.7356          1448
      39.7375          1448
      39.7394          1448
      39.7413          1448
      39.7433          1448
      39.7452          1448
      39.7471          1448
       39.749          1448
       39.751          1448
      39.7529          1448
      39.7548          1448
      39.7567          1448
      39.7587          1448
      39.7606          1448
      39.7625          1448
      39.7644          1448
      39.7664          1448
      39.7683          1448
      39.7702          1448
      39.7721          1448
      39.7741          1448
       39.776          1448
      39.7779          1448
      39.7798          1448
      39.7817          1448
      39.7837          1448
      39.7856          1448
      39.7875          1448
      39.7894          1448
      39.7914          1448
      39.7933          1448
      39.7952          1448
       39.797          1372
      41.7822          1448
      41.7842          1448
      41.7862          1448
      41.7882          1448
      41.7902          1448
      41.7922          1448
      41.7942          1448
      41.7962          1448
      41.7982          1448
      41.8002          1448
      41.8022          1448
      41.8042          1448
      41.8062          1448
      41.8082          1448
      41.8102          1448
      41.8122          1448
      41.8142          1448
      41.8162          1448
      41.8182          1448
      41.8202          1448
      41.8222          1448
      41.8242          1448
      41.8261          1448
      41.8281          1448
      41.8301          1448
      41.8321          1448
      41.8341          1448
      41.8361          1448
      41.8381          1448
      41.8401          1448
      41.8425          1448
      41.8461          1448
      41.8497          1448
      41.8521          1448
      41.8557          1448
      41.8582          1448
      41.8594          1448
      41.8606          1448
      41.8618          1448
       41.863          1448
      41.8642          1448
      41.8654          1448
      41.8666          1448
      41.8681          1448
      41.8701          1448
      41.8721          1448
      41.8741          1448
      41.8761          1448
      41.8781          1448
      41.8801          1448
      41.8821          1448
      41.8841          1448
      41.8857          1448
      41.8873          1448
      41.8889          1448
      41.8905          1448
       41.892          1448
      41.8936          1448
      41.8952          1448
      41.8968          1448
      41.8984          1448
         41.9          1448
      41.9444          1448
      41.9456          1448
       41.948          1448
      41.9504          1448
      41.9528          1448
       41.954          1448
      41.9564          1448
      41.9588          1448
      41.9612          1448
      41.9624          1448
      41.9648          1448
      41.9672          1448
      42.0441          1448
      42.0453          1448
      42.0465          1448
      42.0477          1448
      42.0489          1448
      42.0501          1448
      42.0525          1448
      42.0537          1448
      42.0549          1448
      42.0561          1448
      42.0573          1448
      42.0585          1448
      42.0609          1448
      42.0621          1448
      42.0633          1448
      42.0645          1448
      42.0657          1448
      42.0669          1448
      42.1438          1448
       42.145          1448
      42.1462          1448
      42.1474          1448
      42.1486          1448
      42.1498          1448
       42.151          1448
      45.6575          1448
      45.6595          1448
      45.6615          1448
      45.6635          1448
      45.6655          1448
      45.6675          1448
      45.6695          1448
      45.6715          1448
      45.6735          1448
      45.6755          1448
      45.6775          1448
      45.6795          1448
      45.6815          1448
      45.6835          1448
      45.6855          1448
      45.6875          1448
      45.6895          1448
      45.6915          1448
      45.6935          1448
      45.6955          1448
      45.6975          1448
      45.6995          1448
      45.7015          1448
      45.7035          1448
      45.7055          1448
      45.7075          1448
      45.7095          1448
      45.7115          1448
      45.7135          1448
      45.7155          1448
      45.7175          1448
      45.7194          1448
      45.7214          1448
      45.7234          1448
      45.7254          1448
      45.7274          1448
      45.7294          1448
      45.7314          1448
      45.7334          1448
      45.7354          1448
      45.7374          1448
      45.7394          1448
      45.7414          1448
      45.7434          1448
      45.7454          1448
      45.7474          1448
      45.7494          1448
      45.7514          1448
      45.7534          1448
      45.7554          1448
      45.7574          1448
      45.7594          1448
       45.761          1448
      45.7626          1448
      45.7642          1448
      45.7658          1448
      45.7674          1448
       45.769          1448
      45.7706          1448
      45.7722          1448
      45.7738          1448
      45.7754          1448
       45.777          1448
      45.7786          1448
      45.7802          1448
      45.7818          1448
      45.7833          1448
      45.7849          1448
      45.7865          1448
      45.7881          1448
      45.7897          1448
      45.7913          1448
      45.7929          1448
      45.7945          1448
      45.7961          1448
      45.7977          1448
      45.7993          1448
      45.8009          1448
      45.8025          1448
      45.8029           432
      46.9302          1448
      46.9322          1448
      46.9342          1448
      46.9362          1448
      46.9382          1448
      46.9402          1448
      46.9422          1448
      46.9442          1448
      46.9462          1448
      46.9482          1448
      46.9502          1448
      46.9522          1448
      46.9542          1448
      46.9562          1448
      46.9582          1448
      52.8099          1448
      52.8111          1448
      52.8123          1448
      52.8135          1448
      52.8147          1448
      52.8159          1448
      52.8171          1448
      52.8183          1448
      52.8195          1448
      52.8208          1448
       52.822          1448
      52.8232          1448
      52.8244          1448
      52.8256          1448
      52.8268          1448
       52.828          1448
      52.8292          1448
      52.8304          1448
      52.8316          1448
      52.8328          1448
       52.834          1448
      52.8352          1448
      52.8364          1448
      52.8376          1448
      52.8388          1448
        52.84          1448
      52.8412          1448
      52.8424          1448
      52.8436          1448
      52.8448          1448
       52.846          1448
      52.8472          1448
      52.8484          1448
      52.8496          1448
      52.8508          1448
       52.852          1448
      52.8532          1448
      52.8544          1448
      52.8556          1448
      52.8568          1448
       52.858          1448
      52.8592          1448
      52.8604          1448
      52.8616          1448
      52.8628          1448
       52.864          1448
      52.8652          1448
      52.8664          1448
      52.8676          1448
      52.8688          1448
        52.87          1448
      52.8712          1448
      52.8724          1448
      52.8736          1448
      52.8748          1448
       52.876          1448
      52.8772          1448
      52.8784          1448
      52.8796          1448
      52.8808          1448
       52.882          1448
      52.8832          1448
      52.8844          1448
      52.8856          1448
      52.8868          1448
       52.888          1448
      52.8892          1448
      52.8904          1448
      52.8916          1448
      52.8928          1448
       52.894          1448
      52.8952          1448
      52.8965          1448
      52.8977          1448
      52.8989          1448
      52.9001          1448
      52.9013          1448
      52.9025          1448
      52.9037          1448
      52.9109          1448
      52.9121          1448
      52.9133          1448
      52.9145          1448
      52.9157          1448
      52.9169          1448
      52.9181          1448
      52.9193          1448
      52.9205          1448
      52.9217          1448
      52.9229          1448
      52.9241          1448
      52.9253          1448
      52.9265          1448
      52.9277          1448
      52.9289          1448
      52.9301          1448
      52.9313          1448
      52.9325          1448
      52.9337          1448
      52.9349          1448
      52.9361          1448
      52.9373          1448
      52.9385          1448
      52.9397          1448
      52.9409          1448
      52.9421          1448
      52.9433          1448
      52.9445          1448
      52.9457          1448
      52.9469          1448
      52.9481          1448
      52.9493          1448
      52.9505          1448
      52.9517          1448
      52.9529          1448
      52.9541          1448
      52.9553          1448
      52.9565          1448
      52.9577          1448
      52.9589          1448
      52.9601          1448
      52.9613          1448
      52.9625          1448
      52.9637          1448
      52.9649          1448
      52.9661          1448
      52.9673          1448
      52.9685          1448
      52.9698          1448
       52.971          1448
      52.9722          1448
      52.9734          1448
      52.9746          1448
      52.9758          1448
       52.977          1448
      52.9782          1448
      52.9794          1448
      52.9806          1448
      52.9818          1448
       52.983          1448
      52.9842          1448
      52.9854          1448
      52.9866          1448
      52.9878          1448
       52.989          1448
      52.9902          1448
      52.9914          1448
      52.9926          1448
      52.9938          1448
       52.995          1448
      52.9962          1448
      52.9974          1448
      52.9986          1448
      52.9998          1448
       53.001          1448
      53.0022          1448
      53.0034          1448
      53.0046          1448
      53.0058          1448
       53.007          1448
      53.0082          1448
      53.0094          1448
      53.0106          1448
      53.0118          1448
       53.013          1448
      53.0142          1448
      53.0154          1448
      53.0166          1448
      53.0178          1448
       53.019          1448
      53.0202          1448
      53.0214          1448
      53.0226          1448
      53.0238          1448
       53.025          1448
      53.0262          1448
      53.0274          1448
      53.0286          1448
      53.0298          1448
      53.1332         28872
       53.233          1448
      53.2342          1448
      53.2354          1448
      53.2366          1448
      53.2378          1448
       53.239          1448
      53.2402          1448
      53.2414          1448
      53.2426          1448
      53.2438          1448
       53.245          1448
      53.3339          1448
      53.3351          1448
      53.3363          1448
      53.3375          1448
      53.3387          1448
      53.3399          1448
      53.3411          1448
      53.3423          1448
      53.3435          1448
      53.3447          1448
      53.3459          1448
      53.3471          1448
      53.3483          1448
      53.3495          1448
      53.3507          1448
      53.4337          1448
      53.4349          1448
      53.4361          1448
      53.4373          1448
      53.4385          1448
      53.4397          1448
      53.4409          1448
      53.4421          1448
      53.4433          1448
      53.4445          1448
      53.4457          1448
      53.4469          1448
      53.4481          1448
      53.4493          1448
      53.4505          1448
      53.4517          1448
      53.4529          1448
      53.4541          1448
      53.4553          1448
      53.4565          1448
      53.4577          1448
      53.4589          1448
      53.4601          1448
      53.4613          1448
      53.5346          1448
      53.5358          1448
       53.537          1448
      53.5382          1448
      53.5394          1448
      53.5406          1448
      53.5418          1448
       53.543          1448
      53.5442          1448
      53.5454          1448
      53.5466          1448
      53.5478          1448
       53.549          1448
      53.5502          1448
      53.5514          1448
      53.5526          1448
      53.5538          1448
       53.555          1448
      53.5562          1448
      53.5574          1448
      53.5586          1448
      53.5598          1448
       53.561          1448
      53.5622          1448
      53.5634          1448
      53.5646          1448
      53.5658          1448
       53.567          1448
      53.5682          1448
      53.5694          1448
      53.5706          1448
      53.5718          1448
       53.573          1448
      53.5742          1448
      53.5754          1448
      53.6355          1448
      53.6367          1448
      53.6379          1448
      53.6391          1448
      53.6403          1448
      53.6415          1448
      53.6427          1448
      53.6439          1448
      53.6451          1448
      53.6463          1448
      53.6475          1448
      53.6487          1448
      53.6499          1448
      53.6511          1448
      53.6523          1448
      53.6536          1448
      53.6548          1448
       53.656          1448
      53.6572          1448
      53.6584          1448
      53.6596          1448
      53.6608          1448
       53.662          1448
      53.6632          1448
      53.6644          1448
      53.6656          1448
      53.6668          1448
       53.668          1448
      53.6692          1448
      53.6704          1448
      53.6716          1448
      53.6728          1448
       53.674          1448
      53.6752          1448
      53.6764          1448
      53.6776          1448
      53.6788          1448
        53.68          1448
      53.6812          1448
      53.6824          1448
      53.7353          1448
      53.7365          1448
      53.7377          1448
      53.7389          1448
      53.7401          1448
      53.7413          1448
      53.7425          1448
      53.7437          1448
      53.7449          1448
      53.7461          1448
      53.7473          1448
      53.7485          1448
      53.7497          1448
      53.7509          1448
      53.7521          1448
      53.7533          1448
      53.7545          1448
      53.7557          1448
      53.7569          1448
      53.7581          1448
      53.7593          1448
      53.7605          1448
      53.7617          1448
      53.7629          1448
      53.7641          1448
      53.7653          1448
      53.7665          1448
      53.7677          1448
      53.7689          1448
      53.7701          1448
      53.7713          1448
      53.7725          1448
      53.7737          1448
      53.7749          1448
      53.7761          1448
      53.7773          1448
      53.7785          1448
      53.7797          1448
      53.7809          1448
      53.7821          1448
      53.7833          1448
      53.7845          1448
      53.7869          1448
      53.7893          1448
      53.8362          1448
      53.8386          1448
       53.841          1448
      53.8434          1448
      53.8458          1448
      53.8482          1448
      53.8506          1448
       53.853          1448
      53.8542          1448
      53.8566          1448
       53.859          1448
      53.8614          1448
      53.8638          1448
      53.8662          1448
      53.8686          1448
       53.871          1448
      53.8734          1448
      53.8758          1448
      53.8783          1448
      53.8807          1448
      53.8831          1448
      53.8855          1448
      53.8879          1448
      53.8903          1448
       53.891           832
      54.9166          1448
      54.9178          1448
       54.919          1448
      54.9202          1448
      54.9214          1448
      54.9226          1448
      54.9238          1448
       54.925          1448
      54.9262          1448
      54.9274          1448
      54.9286          1448
      54.9298          1448
       54.931          1448
      54.9322          1448
      54.9334          1448
      54.9346          1448
      54.9358          1448
       54.937          1448
      54.9382          1448
      54.9394          1448
      54.9406          1448
      54.9418          1448
       54.943          1448
      54.9442          1448
      54.9454          1448
      54.9466          1448
      54.9478          1448
       54.949          1448
      54.9502          1448
      54.9514          1448
      54.9526          1448
      54.9538          1448
       54.955          1448
      54.9562          1448
      54.9574          1448
      54.9586          1448
      54.9598          1448
       54.961          1448
      54.9622          1448
      54.9634          1448
      54.9646          1448
      54.9658          1448
       54.967          1448
      54.9682          1448
      54.9694          1448
      54.9706          1448
      54.9718          1448
       54.973          1448
      54.9742          1448
      54.9754          1448
      54.9766          1448
      54.9778          1448
      54.9791          1448
      54.9803          1448
      55.0175          1448
      55.0187          1448
      55.0199          1448
      55.0211          1448
      55.0223          1448
      55.0235          1448
      55.0247          1448
      55.0259          1448
      55.0271          1448
      55.0283          1448
      55.0295          1448
      55.0307          1448
      55.0319          1448
      55.0331          1448
      55.0343          1448
      55.0355          1448
      55.0367          1448
      55.0379          1448
      55.0391          1448
      55.0403          1448
      55.0415          1448
      55.0427          1448
      55.0439          1448
      55.0451          1448
      55.0463          1448
      55.0475          1448
      55.0487          1448
      55.0499          1448
      55.0511          1448
      55.0523          1448
      55.0536          1448
      55.0548          1448
       55.056          1448
      55.0572          1448
      55.0584          1448
      55.0596          1448
      55.0608          1448
       55.062          1448
      55.0632          1448
      55.0644          1448
      55.0656          1448
      55.0668          1448
       55.068          1448
      55.0692          1448
      55.0704          1448
      55.0716          1448
      55.0728          1448
       55.074          1448
      55.0752          1448
      55.0764          1448
      55.0776          1448
      55.0788          1448
        55.08          1448
      55.0812          1448
      55.0824          1448
      55.0836          1448
      55.0848          1448
       55.086          1448
      55.0872          1448
      55.0884          1448
      55.0896          1448
      55.0908          1448
       55.092          1448
      55.0932          1448
      55.0944          1448
      55.0956          1448
      55.0968          1448
       55.098          1448
      55.0992          1448
      55.1004          1448
      55.1016          1448
      55.1028          1448
       55.104          1448
      55.1052          1448
      55.1064          1448
      55.1076          1448
      55.1088          1448
        55.11          1448
      55.1112          1448
      55.1124          1448
      55.1136          1448
      55.1184          1448
      55.1196          1448
      55.1208          1448
       55.122          1448
      55.1232          1448
      55.1244          1448
      55.1257          1448
      55.1269          1448
      55.1281          1448
      55.1293          1448
      55.1305          1448
      55.1317          1448
      55.1329          1448
      55.1341          1448
      55.1353          1448
      55.1365          1448
      55.1377          1448
      55.1389          1448
      55.1401          1448
      55.1413          1448
      55.1425          1448
      55.1437          1448
      55.1449          1448
      55.1461          1448
      55.1473          1448
      55.1485          1448
      55.1497          1448
      55.1509          1448
      55.1521          1448
      55.1533          1448
      55.1545          1448
      55.1557          1448
      55.1569          1448
      55.1581          1448
      55.1593          1448
      55.1605          1448
      55.1617          1448
      55.1629          1448
      55.1641          1448
      55.1653          1448
      55.1665          1448
      55.1677          1448
      55.1689          1448
      55.1701          1448
      55.1708           798
      53.9414          1448
      53.9426          1448
      53.9438          1448
       53.945          1448
      53.9462          1448
      53.9475          1448
      53.9487          1448
      53.9499          1448
      53.9511          1448
      53.9523          1448
      53.9535          1448
      53.9547          1448
      53.9559          1448
      53.9571          1448
      53.9583          1448
      53.9595          1448
      53.9607          1448
      53.9619          1448
      53.9631          1448
      53.9643          1448
      53.9655          1448
      53.9667          1448
      53.9679          1448
      53.9691          1448
      53.9703          1448
      53.9715          1448
      53.9727          1448
      53.9739          1448
      53.9751          1448
      53.9763          1448
      53.9775          1448
      53.9787          1448
      53.9799          1448
      53.9811          1448
      53.9823          1448
      53.9835          1448
      53.9847          1448
      53.9859          1448
      53.9871          1448
      53.9883          1448
      53.9895          1448
      53.9907          1448
      53.9919          1448
      53.9931          1448
      53.9943          1448
      53.9955          1448
      53.9967          1448
      53.9979          1448
      53.9991          1448
      54.0003          1448
      54.0015          1448
      54.0027          1448
      54.0039          1448
      54.0051          1448
      54.0063          1448
      54.0075          1448
      54.0087          1448
      54.0099          1448
      54.0111          1448
      54.0123          1448
      54.0135          1448
      54.0147          1448
      54.0159          1448
      54.0171          1448
      54.0183          1448
      54.0195          1448
      54.0207          1448
      54.0219          1448
      54.0232          1448
      54.0244          1448
      54.0256          1448
      54.0268          1448
       54.028          1448
      54.0292          1448
      54.0304          1448
      54.0316          1448
      54.0322           798
      58.2096          1448
      58.2109          1448
      58.2122          1448
      58.2134          1448
      58.2147          1448
       58.216          1448
      58.2172          1448
      58.2185          1448
      58.2198          1448
       58.221          1448
      58.2223          1448
      58.2236          1448
      58.2248          1448
      58.2261          1448
      58.2274          1448
      58.2286          1448
      58.2299          1448
      58.2312          1448
      58.2324          1448
      58.2337          1448
      58.2349          1448
      58.2362          1448
      58.2375          1448
      58.2387          1448
        58.24          1448
      58.2413          1448
      58.2425          1448
      58.2438          1448
      58.2451          1448
      58.2463          1448
      58.2476          1448
      58.2489          1448
      58.2501          1448
      58.2514          1448
      58.2527          1448
      58.2539          1448
      58.2552          1448
      58.2565          1448
      58.2577          1448
       58.259          1448
      58.2602          1448
      58.2615          1448
      58.2628          1448
       58.264          1448
      58.2653          1448
      58.2666          1448
      58.2678          1448
      58.2691          1448
      58.2704          1448
      58.2716          1448
      58.2729          1448
      58.2742          1448
      58.2754          1448
      58.2767          1448
       58.278          1448
      58.2792          1448
      58.2805          1448
      58.2818          1448
       58.283          1448
      58.2843          1448
      58.2856          1448
      58.2868          1448
      58.2881          1448
      58.2893          1448
      58.2906          1448
      58.2919          1448
      58.2931          1448
      58.2944          1448
      58.2957          1448
      58.2969          1448
      58.2982          1448
      58.2995          1448
      58.3007          1448
       58.302          1448
      58.3033          1448
      58.3045          1448
      58.3058          1448
      58.3071          1448
      58.3083          1448
      58.3096          1448
      58.3109          1448
      58.3121          1448
      58.3134          1448
      58.3147          1448
      58.3159          1448
      58.3172          1448
      58.3184          1448
      58.3197          1448
       58.321          1448
      58.3222          1448
      58.3235          1448
      58.3248          1448
       58.326          1448
      58.3273          1448
      58.3286          1448
      58.3298          1448
      58.3311          1448
      58.3324          1448
      58.3336          1448
      58.3349          1448
      58.3362          1448
      58.3374          1448
      58.3387          1448
        58.34          1448
      58.3412          1448
      58.3425          1448
      58.3438          1448
       58.345          1448
      58.3463          1448
      58.3475          1448
      58.3488          1448
      58.3501          1448
      58.3513          1448
      58.3526          1448
      58.3539          1448
      58.3551          1448
      58.3564          1448
      58.3577          1448
      58.3589          1448
      58.3602          1448
      58.3615          1448
      58.3627          1448
       58.364          1448
      58.3653          1448
      58.3665          1448
      58.3678          1448
      58.3691          1448
      58.3703          1448
      58.3716          1448
      58.3729          1448
      58.3741          1448
      58.3754          1448
      58.3766          1448
      58.3779          1448
      58.3792          1448
      58.3804          1448
      58.3817          1448
       58.383          1448
      58.3842          1448
      58.3855          1448
      58.3868          1448
       58.388          1448
      58.3893          1448
      58.3906          1448
      58.3918          1448
      58.3931          1448
      58.3944          1448
      58.3956          1448
      58.3969          1448
      58.3982          1448
      58.3994          1448
      58.4007          1448
      58.4019          1448
      58.4032          1448
      58.4045          1448
      58.4057          1448
       58.407          1448
      58.4083          1448
      58.4095          1448
      58.4108          1448
      58.4121          1448
      58.4133          1448
      58.4146          1448
      58.4159          1448
      58.4171          1448
      58.4184          1448
      58.4197          1448
      58.4209          1448
      58.4222          1448
      58.4235          1448
      58.4247          1448
       58.426          1448
      58.4273          1448
      58.4285          1448
      58.4298          1448
       58.431          1448
      58.4323          1448
      58.4336          1448
      58.4348          1448
      58.4361          1448
      58.4363           172
