Segment_Index Playback_Start Quality_Level
            0        2.19999             0
            1        5.19999             0
            2        8.19999             0
            3           11.2             0
            4           14.2             0
            5           17.2             0
            6           20.2             0
            7           23.2             0
            8           26.2             0
            9           29.2             0
           10           32.2             0
           11           35.2             0
           12           38.2             0
           13           41.2             0
           14           44.2             0
           15           47.2             0
           16           50.2             0
           17           53.2             0
           18           56.2             0
           19           59.2             0
           20           62.2             1
           21           65.2             1
           22           68.2             1
           23           71.2             1
           24           74.2             1
           25           77.2             1
           26           80.2             2
           27           83.2             2
           28           86.2             2
           29           89.2             2
           30           92.2             2
           31           95.2             2
           32           98.2             3
           33          101.2             3
           34          104.2             3
           35          107.2             3
           36          110.2             3
           37          113.2             3
           38          116.2             4
           39          119.2             4
