Segment_Index Rep_Level Decision_Point_Of_Time Case DelayCase
            0         0                2.09632    0         0
            1         0                2.19999    1         0
            2         0                2.46045    1         0
            3         0                2.70967    1         0
            4         0                2.90731    1         0
            5         0                3.05256    1         0
            6         0                3.19803    1         0
            7         0                3.33288    1         0
            8         0                3.48081    1         0
            9         0                3.64755    1         0
           10         0                3.81337    1         0
           11         0                3.97158    1         0
           12         0                4.12123    1         0
           13         0                4.26996    1         0
           14         0                4.40183    1         0
           15         0                4.59483    1         0
           16         0                4.84462    1         0
           17         0                 5.0687    1         0
           18         0                5.29244    1         0
           19         0                5.51552    1         0
           20         1                 5.7158    1         1
           21         1                34.8071    3         0
           22         1                36.8175    3         1
           23         1                 39.797    3         1
           24         1                41.9685    3         1
           25         1                45.8029    3         1
           26         2                47.0646    1         1
           27         2                53.1332    3         0
           28         2                 53.891    3         1
           29         2                55.1708    3         1
           30         2                58.4363    3         1
