Segment_Index Rep_Level Decision_Point_Of_Time Case DelayCase
            0         0                2.09622    0         0
            1         0                2.19663    1         0
            2         0                2.43287    1         0
            3         0                2.64916    1         0
            4         0                2.87473    1         0
            5         0                3.02035    1         0
            6         0                3.19491    1         0
            7         0                3.32893    1         0
            8         0                3.46261    1         0
            9         0                3.61792    1         0
           10         0                3.75715    1         0
           11         0                3.90819    1         0
           12         0                4.03364    1         0
           13         0                4.15874    1         0
           14         0                4.28731    1         0
           15         0                4.40644    1         0
           16         0                4.54376    1         0
           17         0                4.67639    1         0
           18         0                4.81433    1         0
           19         0                4.96045    1         0
           20         1                5.10304    1         1
           21         1                32.3888    3         1
           22         1                35.5583    3         1
           23         1                39.0399    3         1
           24         1                41.4379    3         1
           25         1                44.3906    3         1
           26         2                47.3815    1         1
           27         2                50.5567    3         1
           28         2                53.5986    3         1
           29         2                56.5567    3         1
           30         2                59.6405    3         1
