Segment_Index Download_Request_Sent Download_Start Download_End Segment_Size Download_OK
            0               2.09622         2.1952      2.19663         3128           Y
            1               2.19663        2.29597      2.43287        44788           Y
            2               2.43287        2.53269      2.64916        83412           Y
            3               2.64916        2.74888      2.87473        92274           Y
            4               2.87473        2.97369      3.02035        56210           Y
            5               3.02035        3.12035      3.19491        56494           Y
            6               3.19491        3.29387      3.32893        43658           Y
            7               3.32893        3.42785      3.46261        32596           Y
            8               3.46261        3.56172      3.61792        41642           Y
            9               3.61792        3.71684      3.75715        33180           Y
           10               3.75715        3.85704      3.90819        38444           Y
           11               3.90819         4.0071      4.03364        33376           Y
           12               4.03364         4.1326      4.15874        32942           Y
           13               4.15874        4.25805      4.28731        22196           Y
           14               4.28731        4.38627      4.40644        25740           Y
           15               4.40644         4.5054      4.54376        44300           Y
           16               4.54376        4.64267      4.67639        42024           Y
           17               4.67639        4.77535      4.81433        48390           Y
           18               4.81433        4.91328      4.96045        56032           Y
           19               4.96045        5.05937      5.10304        54032           Y
           20               32.1966        32.2966      32.3888       112556           Y
           21               35.1966         35.296      35.5583       204056           Y
           22               38.1966         38.296      39.0399       170788           Y
           23               41.1966        41.2955      41.4379       142026           Y
           24               44.1966        44.2965      44.3906       114824           Y
           25               47.1966        47.2955      47.3815       104946           Y
           26               50.1966        50.2955      50.5567       288064           Y
           27               53.1966        53.2955      53.5986       280296           Y
           28               56.1966        56.2956      56.5567       259990           Y
           29               59.1966        59.2955      59.6405       260812           Y
