Segment_Index Playback_Start Quality_Level
            0        2.31711             0
            1        5.31711             0
            2        8.31711             0
            3        11.3171             0
            4        14.3171             0
            5        17.5868             0
            6        20.5868             0
            7        24.6711             0
            8        29.3998             0
            9        34.3791             0
           10        38.8029             0
           11        42.1206             0
           12        45.3802             0
           13        49.0011             0
           14        53.9437             0
           15        58.9516             0
           16        63.9472             0
           17         68.592             0
           18        73.3518             0
           19        76.8129             0
           20        86.5354             0
