     Time_Now Bytes Received 
       2.1952          1448
       2.1964          1448
      2.19663           232
      2.29597          1448
      2.29837          1448
      2.29957          1448
      2.30198          1448
      2.30438          1448
      2.30558          1448
      2.30798          1448
      2.31039          1448
      2.31159          1448
      2.31399          1448
       2.3164          1448
       2.3176          1448
      2.39811          1448
      2.39931          1448
      2.40171          1448
      2.40291          1448
      2.40532          1448
      2.40652          1448
      2.40892          1448
      2.41132          1448
      2.41373          1448
      2.41493          1448
      2.41613          1448
      2.41853          1448
      2.42214          1448
      2.42334          1448
      2.42574          1448
      2.42694          1448
      2.42935          1448
      2.43055          1448
      2.43287          1348
      2.53269          1448
      2.53389          1448
      2.53629          1448
       2.5387          1448
       2.5399          1448
       2.5423          1448
       2.5447          1448
       2.5459          1448
      2.54831          1448
      2.55071          1448
      2.55191          1448
      2.55432          1448
      2.55672          1448
      2.55792          1448
      2.56032          1448
      2.56273          1448
      2.56393          1448
      2.56633          1448
      2.56874          1448
      2.56994          1448
      2.57234          1448
      2.57474          1448
      2.57594          1448
      2.57835          1448
      2.57955          1448
      2.58075          1448
      2.58195          1448
      2.58316          1448
      2.58436          1448
      2.58556          1448
      2.58676          1448
      2.58796          1448
      2.58916          1448
      2.59036          1448
      2.59157          1448
      2.59277          1448
      2.59397          1448
      2.59517          1448
      2.59637          1448
      2.59757          1448
      2.59878          1448
      2.59998          1448
      2.60118          1448
      2.63279          1448
        2.634          1448
       2.6352          1448
       2.6364          1448
       2.6376          1448
       2.6388          1448
         2.64          1448
       2.6412          1448
      2.64241          1448
      2.64361          1448
      2.64481          1448
      2.64601          1448
      2.64721          1448
      2.64841          1448
      2.64916           876
      2.74888          1448
      2.75129          1448
      2.75249          1448
      2.75489          1448
       2.7573          1448
       2.7585          1448
       2.7609          1448
       2.7633          1448
      2.76451          1448
      2.76691          1448
      2.76931          1448
      2.77051          1448
      2.77292          1448
      2.77532          1448
      2.77652          1448
      2.77892          1448
      2.78133          1448
      2.78253          1448
      2.78493          1448
      2.78734          1448
      2.78854          1448
      2.79094          1448
      2.79334          1448
      2.79454          1448
      2.79695          1448
      2.79935          1448
      2.80055          1448
      2.80296          1448
      2.80536          1448
      2.80656          1448
      2.80896          1448
      2.81137          1448
      2.81257          1448
      2.81497          1448
      2.81738          1448
      2.81858          1448
      2.82098          1448
      2.82338          1448
      2.82458          1448
      2.82699          1448
      2.82939          1448
      2.83059          1448
        2.833          1448
       2.8354          1448
       2.8366          1448
        2.839          1448
      2.84141          1448
      2.84261          1448
      2.84501          1448
      2.84742          1448
      2.84862          1448
      2.85102          1448
      2.85342          1448
      2.85462          1448
      2.85703          1448
      2.85943          1448
      2.86063          1448
      2.86304          1448
      2.86544          1448
      2.86664          1448
      2.86904          1448
      2.87145          1448
      2.87265          1448
      2.87473          1050
      2.97369          1448
      2.97489          1448
       2.9761          1448
       2.9773          1448
       2.9785          1448
       2.9797          1448
       2.9809          1448
       2.9821          1448
      2.98331          1448
      2.98451          1448
      2.98571          1448
      2.98691          1448
      2.98811          1448
      2.98931          1448
      2.99051          1448
      2.99172          1448
      2.99292          1448
      2.99412          1448
      2.99532          1448
      2.99652          1448
      2.99772          1448
      2.99893          1448
      3.00013          1448
      3.00133          1448
      3.00253          1448
      3.00373          1448
      3.00493          1448
      3.00614          1448
      3.00734          1448
      3.00854          1448
      3.00974          1448
      3.01094          1448
      3.01214          1448
      3.01335          1448
      3.01455          1448
      3.01575          1448
      3.01815          1448
      3.01935          1448
      3.02035          1186
      3.12035          1448
      3.12155          1448
      3.12395          1448
      3.12636          1448
      3.12756          1448
      3.12996          1448
      3.13237          1448
      3.13357          1448
      3.13597          1448
      3.13837          1448
      3.13957          1448
      3.14198          1448
      3.14438          1448
      3.14558          1448
      3.14799          1448
      3.15039          1448
      3.15159          1448
      3.15399          1448
       3.1564          1448
       3.1576          1448
         3.16          1448
      3.16241          1448
      3.16361          1448
      3.16601          1448
      3.16841          1448
      3.16961          1448
      3.17202          1448
      3.17442          1448
      3.17562          1448
      3.17803          1448
      3.18043          1448
      3.18163          1448
      3.18403          1448
      3.18644          1448
      3.18764          1448
      3.19004          1448
      3.19245          1448
      3.19365          1448
      3.19485          1448
      3.19491            22
      3.29387          1448
      3.29507          1448
      3.29627          1448
      3.29747          1448
      3.29867          1448
      3.29988          1448
      3.30108          1448
      3.30228          1448
      3.30348          1448
      3.30468          1448
      3.30588          1448
      3.30709          1448
      3.30829          1448
      3.30949          1448
      3.31069          1448
      3.31189          1448
      3.31309          1448
       3.3143          1448
       3.3155          1448
       3.3167          1448
       3.3179          1448
       3.3191          1448
       3.3203          1448
      3.32151          1448
      3.32271          1448
      3.32391          1448
      3.32511          1448
      3.32631          1448
      3.32751          1448
      3.32871          1448
      3.32893           218
      3.42785          1448
      3.42905          1448
      3.43025          1448
      3.43145          1448
      3.43266          1448
      3.43506          1448
      3.43746          1448
      3.43866          1448
      3.44107          1448
      3.44347          1448
      3.44467          1448
      3.44707          1448
      3.44948          1448
      3.45068          1448
      3.45356          1448
      3.45476          1448
      3.45596          1448
      3.45717          1448
      3.45837          1448
      3.45957          1448
      3.46077          1448
      3.46197          1448
      3.46261           740
      3.56172          1448
      3.56413          1448
      3.56653          1448
      3.56773          1448
      3.57014          1448
      3.57254          1448
      3.57374          1448
      3.57614          1448
      3.57855          1448
      3.57975          1448
      3.58215          1448
      3.58455          1448
      3.58576          1448
      3.58816          1448
      3.59056          1448
      3.59176          1448
      3.59417          1448
      3.59657          1448
      3.59777          1448
      3.60018          1448
      3.60258          1448
      3.60378          1448
      3.60618          1448
      3.60859          1448
      3.60979          1448
      3.61219          1448
       3.6146          1448
       3.6158          1448
      3.61792          1098
      3.71684          1448
      3.71804          1448
      3.71924          1448
      3.72164          1448
      3.72284          1448
      3.72525          1448
      3.72765          1448
      3.72885          1448
      3.73125          1448
      3.73366          1448
      3.73486          1448
      3.73726          1448
      3.73967          1448
      3.74087          1448
      3.74327          1448
      3.74567          1448
      3.74688          1448
      3.74928          1448
      3.75168          1448
      3.75364          1448
      3.75484          1448
      3.75604          1448
      3.75715          1324
      3.85704          1448
      3.85824          1448
      3.86065          1448
      3.86305          1448
      3.86425          1448
      3.86665          1448
      3.86906          1448
      3.87026          1448
      3.87266          1448
      3.87507          1448
      3.87627          1448
      3.87867          1448
      3.88107          1448
      3.88227          1448
      3.88468          1448
      3.88708          1448
      3.88828          1448
      3.89069          1448
      3.89309          1448
      3.89429          1448
      3.89669          1448
       3.8991          1448
       3.9003          1448
       3.9027          1448
       3.9051          1448
      3.90631          1448
      3.90819           796
       4.0071          1448
      4.00831          1448
      4.00951          1448
      4.01071          1448
      4.01191          1448
      4.01311          1448
      4.01431          1448
      4.01551          1448
      4.01672          1448
      4.01792          1448
      4.01912          1448
      4.02032          1448
      4.02152          1448
      4.02273          1448
      4.02393          1448
      4.02513          1448
      4.02633          1448
      4.02753          1448
      4.02873          1448
      4.02993          1448
      4.03114          1448
      4.03234          1448
      4.03354          1448
      4.03364            72
       4.1326          1448
       4.1338          1448
        4.135          1448
       4.1362          1448
      4.13741          1448
      4.13861          1448
      4.13981          1448
      4.14101          1448
      4.14221          1448
      4.14341          1448
      4.14461          1448
      4.14582          1448
      4.14702          1448
      4.14822          1448
      4.14942          1448
      4.15062          1448
      4.15182          1448
      4.15303          1448
      4.15423          1448
      4.15543          1448
      4.15663          1448
      4.15783          1448
      4.15874          1086
      4.25805          1448
      4.26045          1448
      4.26285          1448
      4.26405          1448
      4.26646          1448
      4.26886          1448
      4.27006          1448
      4.27247          1448
      4.27487          1448
      4.27607          1448
      4.27847          1448
      4.28088          1448
      4.28208          1448
      4.28448          1448
      4.28688          1448
      4.28731           476
      4.38627          1448
      4.38747          1448
      4.38867          1448
      4.38987          1448
      4.39107          1448
      4.39228          1448
      4.39348          1448
      4.39468          1448
      4.39588          1448
      4.39708          1448
      4.39828          1448
      4.39949          1448
      4.40069          1448
      4.40189          1448
      4.40309          1448
      4.40429          1448
      4.40549          1448
      4.40644          1124
       4.5054          1448
       4.5066          1448
       4.5078          1448
        4.509          1448
       4.5102          1448
       4.5114          1448
      4.51381          1448
      4.51621          1448
      4.51779          1448
        4.519          1448
       4.5202          1448
       4.5214          1448
       4.5226          1448
       4.5238          1448
        4.525          1448
       4.5262          1448
      4.52741          1448
      4.52861          1448
      4.52981          1448
      4.53101          1448
      4.53221          1448
      4.53341          1448
      4.53461          1448
      4.53582          1448
      4.53702          1448
      4.53822          1448
      4.53942          1448
      4.54062          1448
      4.54183          1448
      4.54303          1448
      4.54376           860
      4.64267          1448
      4.64388          1448
      4.64508          1448
      4.64628          1448
      4.64748          1448
      4.64868          1448
      4.64988          1448
      4.65109          1448
      4.65229          1448
      4.65349          1448
      4.65469          1448
      4.65589          1448
      4.65709          1448
      4.65829          1448
       4.6595          1448
       4.6607          1448
       4.6619          1448
       4.6631          1448
       4.6643          1448
       4.6655          1448
      4.66671          1448
      4.66791          1448
      4.66911          1448
      4.67031          1448
      4.67151          1448
      4.67271          1448
      4.67392          1448
      4.67512          1448
      4.67632          1448
      4.67639            32
      4.77535          1448
      4.77655          1448
      4.77775          1448
      4.77895          1448
      4.78015          1448
      4.78135          1448
      4.78256          1448
      4.78376          1448
      4.78496          1448
      4.78616          1448
      4.78736          1448
      4.78856          1448
      4.78977          1448
      4.79097          1448
      4.79217          1448
      4.79337          1448
      4.79457          1448
      4.79577          1448
      4.79697          1448
      4.79818          1448
      4.79938          1448
      4.80058          1448
      4.80178          1448
      4.80298          1448
      4.80419          1448
      4.80539          1448
      4.80659          1448
      4.80779          1448
      4.80899          1448
      4.81019          1448
      4.81139          1448
       4.8126          1448
       4.8138          1448
      4.81433           606
      4.91328          1448
      4.91449          1448
      4.91569          1448
      4.91689          1448
      4.91809          1448
      4.91929          1448
      4.92049          1448
      4.92169          1448
       4.9229          1448
       4.9241          1448
       4.9265          1448
      4.92836          1448
      4.92957          1448
      4.93077          1448
      4.93197          1448
      4.93317          1448
      4.93437          1448
      4.93557          1448
      4.93677          1448
      4.93798          1448
      4.93918          1448
      4.94038          1448
      4.94158          1448
      4.94278          1448
      4.94398          1448
      4.94519          1448
      4.94639          1448
      4.94759          1448
      4.94879          1448
      4.94999          1448
       4.9512          1448
       4.9524          1448
       4.9536          1448
       4.9548          1448
        4.956          1448
       4.9572          1448
       4.9584          1448
      4.95961          1448
      4.96045          1008
      5.05937          1448
      5.06057          1448
      5.06177          1448
      5.06298          1448
      5.06418          1448
      5.06538          1448
      5.06658          1448
      5.06778          1448
      5.06898          1448
      5.07019          1448
      5.07139          1448
      5.07259          1448
      5.07379          1448
      5.07499          1448
      5.07619          1448
       5.0774          1448
       5.0786          1448
       5.0798          1448
        5.081          1448
       5.0822          1448
       5.0834          1448
       5.0846          1448
      5.08581          1448
      5.08701          1448
      5.08821          1448
      5.08941          1448
      5.09061          1448
      5.09181          1448
      5.09302          1448
      5.09422          1448
      5.09542          1448
      5.09662          1448
      5.09782          1448
      5.09902          1448
      5.10023          1448
      5.10143          1448
      5.10263          1448
      5.10304           456
      32.2966          1448
      32.2978          1448
       32.299          1448
      32.3002          1448
      32.3014          1448
      32.3026          1448
      32.3038          1448
       32.305          1448
      32.3062          1448
      32.3074          1448
      32.3086          1448
      32.3098          1448
       32.311          1448
      32.3122          1448
      32.3134          1448
      32.3146          1448
      32.3158          1448
       32.317          1448
      32.3182          1448
      32.3194          1448
      32.3206          1448
      32.3218          1448
       32.323          1448
      32.3242          1448
      32.3254          1448
      32.3266          1448
      32.3278          1448
       32.329          1448
      32.3302          1448
      32.3314          1448
      32.3326          1448
      32.3338          1448
       32.335          1448
      32.3362          1448
      32.3374          1448
      32.3386          1448
      32.3398          1448
       32.341          1448
      32.3422          1448
      32.3434          1448
      32.3446          1448
      32.3458          1448
       32.347          1448
      32.3482          1448
      32.3494          1448
      32.3506          1448
      32.3518          1448
       32.353          1448
      32.3542          1448
      32.3554          1448
      32.3566          1448
      32.3578          1448
       32.359          1448
      32.3602          1448
      32.3614          1448
      32.3627          1448
      32.3639          1448
      32.3651          1448
      32.3663          1448
      32.3675          1448
      32.3687          1448
      32.3699          1448
      32.3711          1448
      32.3723          1448
      32.3735          1448
      32.3747          1448
      32.3759          1448
      32.3771          1448
      32.3783          1448
      32.3795          1448
      32.3807          1448
      32.3819          1448
      32.3831          1448
      32.3843          1448
      32.3855          1448
      32.3867          1448
      32.3879          1448
      32.3888          1060
       35.296          1448
      35.2984          1448
      35.2996          1448
      35.3008          1448
       35.302          1448
      35.3032          1448
      35.3044          1448
      35.3056          1448
      35.3068          1448
       35.308          1448
      35.3092          1448
      35.3104          1448
      35.3116          1448
      35.3128          1448
       35.314          1448
      35.3152          1448
      35.3164          1448
      35.3176          1448
      35.3188          1448
        35.32          1448
      35.3212          1448
      35.3224          1448
      35.3236          1448
      35.3248          1448
       35.326          1448
      35.3272          1448
      35.3284          1448
      35.3296          1448
      35.3308          1448
       35.332          1448
      35.3332          1448
      35.3344          1448
      35.3356          1448
      35.3368          1448
       35.338          1448
      35.3392          1448
      35.3404          1448
      35.3416          1448
      35.3428          1448
       35.344          1448
      35.3452          1448
      35.3464          1448
      35.3476          1448
      35.3488          1448
        35.35          1448
      35.3512          1448
      35.3524          1448
      35.3536          1448
      35.3548          1448
       35.356          1448
      35.3572          1448
      35.3584          1448
      35.3597          1448
      35.3609          1448
      35.3621          1448
      35.3633          1448
      35.3645          1448
      35.3657          1448
      35.3669          1448
      35.3681          1448
      35.3693          1448
      35.3705          1448
      35.3717          1448
      35.3729          1448
      35.3741          1448
      35.3753          1448
      35.3765          1448
      35.3777          1448
      35.3789          1448
      35.3801          1448
      35.3813          1448
      35.3825          1448
      35.3837          1448
      35.3849          1448
      35.3861          1448
      35.3873          1448
      35.3885          1448
      35.3897          1448
      35.3909          1448
      35.3921          1448
      35.3933          1448
      35.3945          1448
      35.3957          1448
      35.3969          1448
      35.3981          1448
      35.3993          1448
      35.4005          1448
      35.4017          1448
      35.4029          1448
      35.4041          1448
      35.4053          1448
      35.4065          1448
      35.4077          1448
      35.4089          1448
      35.4101          1448
      35.4113          1448
      35.4125          1448
      35.4137          1448
      35.4149          1448
      35.4161          1448
      35.4173          1448
      35.4185          1448
      35.4197          1448
      35.4209          1448
      35.4221          1448
      35.4233          1448
      35.4245          1448
      35.4257          1448
      35.4269          1448
      35.4281          1448
      35.4293          1448
      35.4305          1448
      35.4317          1448
      35.4329          1448
      35.4341          1448
      35.4354          1448
      35.4366          1448
      35.4378          1448
       35.439          1448
      35.4402          1448
      35.4414          1448
      35.4426          1448
      35.4438          1448
       35.445          1448
      35.4462          1448
      35.4474          1448
      35.4486          1448
      35.4498          1448
       35.451          1448
      35.4522          1448
      35.4534          1448
      35.4546          1448
      35.4558          1448
      35.5583         11472
       38.296          1448
      38.2984          1448
      38.3002          1448
      38.3973          1448
      38.3985          1448
      38.3997          1448
      38.4962          1448
      38.4974          1448
      38.4986          1448
      38.4998          1448
       38.501          1448
      38.5022          1448
      38.5963          1448
      38.5975          1448
      38.5987          1448
      38.5999          1448
      38.6011          1448
      38.6023          1448
      38.6035          1448
      38.6047          1448
      38.6059          1448
      38.6964          1448
      38.6976          1448
      38.6988          1448
         38.7          1448
      38.7012          1448
      38.7024          1448
      38.7036          1448
      38.7048          1448
       38.706          1448
      38.7072          1448
      38.7084          1448
      38.7096          1448
      38.7953          1448
      38.7965          1448
      38.7977          1448
      38.7989          1448
      38.8001          1448
      38.8013          1448
      38.8025          1448
      38.8037          1448
      38.8049          1448
      38.8061          1448
      38.8073          1448
      38.8085          1448
      38.8097          1448
      38.8109          1448
      38.8121          1448
      38.8133          1448
      38.8145          1448
      38.8157          1448
      38.8942          1448
      38.8954          1448
      38.8966          1448
      38.8978          1448
       38.899          1448
      38.9002          1448
      38.9014          1448
      38.9026          1448
      38.9038          1448
       38.905          1448
      38.9062          1448
      38.9074          1448
      38.9086          1448
      38.9098          1448
       38.911          1448
      38.9122          1448
      38.9134          1448
      38.9146          1448
      38.9158          1448
       38.917          1448
      38.9182          1448
      38.9194          1448
      38.9206          1448
      38.9218          1448
       38.923          1448
      38.9242          1448
      38.9254          1448
      38.9931          1448
      38.9943          1448
      38.9955          1448
      38.9967          1448
      38.9979          1448
      38.9991          1448
      39.0003          1448
      39.0015          1448
      39.0027          1448
      39.0039          1448
      39.0051          1448
      39.0063          1448
      39.0075          1448
      39.0087          1448
      39.0099          1448
      39.0111          1448
      39.0123          1448
      39.0135          1448
      39.0147          1448
      39.0159          1448
      39.0171          1448
      39.0183          1448
      39.0195          1448
      39.0207          1448
      39.0219          1448
      39.0231          1448
      39.0243          1448
      39.0255          1448
      39.0267          1448
      39.0279          1448
      39.0292          1448
      39.0304          1448
      39.0316          1448
      39.0328          1448
       39.034          1448
      39.0352          1448
      39.0364          1448
      39.0376          1448
      39.0388          1448
      39.0399          1372
      41.2955          1448
      41.2968          1448
       41.298          1448
      41.2992          1448
      41.3004          1448
      41.3016          1448
      41.3028          1448
       41.304          1448
      41.3052          1448
      41.3064          1448
      41.3076          1448
      41.3088          1448
        41.31          1448
      41.3112          1448
      41.3124          1448
      41.3136          1448
      41.3148          1448
       41.316          1448
      41.3172          1448
      41.3184          1448
      41.3196          1448
      41.3208          1448
       41.322          1448
      41.3232          1448
      41.3244          1448
      41.3256          1448
      41.3268          1448
       41.328          1448
      41.3292          1448
      41.3304          1448
      41.3316          1448
      41.3328          1448
       41.334          1448
      41.3352          1448
      41.3364          1448
      41.3376          1448
      41.3388          1448
        41.34          1448
      41.3412          1448
      41.3424          1448
      41.3436          1448
      41.3448          1448
       41.346          1448
      41.3472          1448
      41.3484          1448
      41.3496          1448
      41.3508          1448
       41.352          1448
      41.3532          1448
      41.3544          1448
      41.3556          1448
      41.3568          1448
       41.358          1448
      41.3592          1448
      41.3604          1448
      41.3616          1448
      41.3628          1448
       41.364          1448
      41.3652          1448
      41.3664          1448
      41.3676          1448
      41.3688          1448
      41.3957          1448
      41.3969          1448
      41.3981          1448
      41.3993          1448
      41.4005          1448
      41.4017          1448
      41.4029          1448
      41.4041          1448
      41.4053          1448
      41.4065          1448
      41.4077          1448
      41.4089          1448
      41.4101          1448
      41.4113          1448
      41.4125          1448
      41.4137          1448
      41.4149          1448
      41.4161          1448
      41.4173          1448
      41.4185          1448
      41.4197          1448
      41.4209          1448
      41.4221          1448
      41.4233          1448
      41.4245          1448
      41.4257          1448
      41.4269          1448
      41.4281          1448
      41.4293          1448
      41.4305          1448
      41.4317          1448
      41.4329          1448
      41.4341          1448
      41.4353          1448
      41.4365          1448
      41.4377          1448
      41.4379           122
      44.2965          1448
      44.2977          1448
      44.2989          1448
      44.3001          1448
      44.3013          1448
      44.3025          1448
      44.3037          1448
      44.3049          1448
      44.3061          1448
      44.3073          1448
      44.3085          1448
      44.3097          1448
      44.3109          1448
      44.3122          1448
      44.3134          1448
      44.3146          1448
      44.3158          1448
       44.317          1448
      44.3182          1448
      44.3194          1448
      44.3206          1448
      44.3218          1448
       44.323          1448
      44.3242          1448
      44.3254          1448
      44.3266          1448
      44.3278          1448
       44.329          1448
      44.3302          1448
      44.3314          1448
      44.3326          1448
      44.3338          1448
       44.335          1448
      44.3362          1448
      44.3374          1448
      44.3386          1448
      44.3398          1448
       44.341          1448
      44.3422          1448
      44.3434          1448
      44.3446          1448
      44.3458          1448
       44.347          1448
      44.3482          1448
      44.3494          1448
      44.3506          1448
      44.3518          1448
       44.353          1448
      44.3542          1448
      44.3554          1448
      44.3566          1448
      44.3578          1448
       44.359          1448
      44.3602          1448
      44.3614          1448
      44.3626          1448
      44.3638          1448
       44.365          1448
      44.3662          1448
      44.3674          1448
      44.3686          1448
      44.3698          1448
       44.371          1448
      44.3722          1448
      44.3734          1448
      44.3746          1448
      44.3758          1448
       44.377          1448
      44.3782          1448
      44.3794          1448
      44.3806          1448
      44.3818          1448
       44.383          1448
      44.3842          1448
      44.3854          1448
      44.3866          1448
      44.3879          1448
      44.3891          1448
      44.3903          1448
      44.3906           432
      47.2955          1448
      47.2968          1448
       47.298          1448
      47.2992          1448
      47.3004          1448
      47.3016          1448
      47.3028          1448
       47.304          1448
      47.3052          1448
      47.3064          1448
      47.3076          1448
      47.3088          1448
        47.31          1448
      47.3112          1448
      47.3124          1448
      47.3136          1448
      47.3148          1448
       47.316          1448
      47.3172          1448
      47.3184          1448
      47.3196          1448
      47.3208          1448
       47.322          1448
      47.3232          1448
      47.3244          1448
      47.3256          1448
      47.3268          1448
       47.328          1448
      47.3292          1448
      47.3304          1448
      47.3316          1448
      47.3328          1448
       47.334          1448
      47.3352          1448
      47.3364          1448
      47.3376          1448
      47.3388          1448
        47.34          1448
      47.3412          1448
      47.3424          1448
      47.3436          1448
      47.3448          1448
       47.346          1448
      47.3472          1448
      47.3484          1448
      47.3496          1448
      47.3508          1448
       47.352          1448
      47.3532          1448
      47.3544          1448
      47.3556          1448
      47.3568          1448
       47.358          1448
      47.3592          1448
      47.3604          1448
      47.3616          1448
      47.3628          1448
       47.364          1448
      47.3652          1448
      47.3664          1448
      47.3676          1448
      47.3688          1448
        47.37          1448
      47.3713          1448
      47.3725          1448
      47.3737          1448
      47.3749          1448
      47.3761          1448
      47.3773          1448
      47.3785          1448
      47.3797          1448
      47.3809          1448
      47.3815           690
      50.2955          1448
      50.2968          1448
       50.298          1448
      50.2992          1448
      50.3004          1448
      50.3016          1448
      50.3028          1448
       50.304          1448
      50.3052          1448
      50.3064          1448
      50.3076          1448
      50.3088          1448
        50.31          1448
      50.3112          1448
      50.3124          1448
      50.3136          1448
      50.3148          1448
       50.316          1448
      50.3172          1448
      50.3184          1448
      50.3196          1448
      50.3208          1448
       50.322          1448
      50.3232          1448
      50.3244          1448
      50.3256          1448
      50.3268          1448
       50.328          1448
      50.3292          1448
      50.3304          1448
      50.3316          1448
      50.3328          1448
       50.334          1448
      50.3352          1448
      50.3364          1448
      50.3376          1448
      50.3388          1448
        50.34          1448
      50.3412          1448
      50.3424          1448
      50.3436          1448
      50.3448          1448
       50.346          1448
      50.3472          1448
      50.3484          1448
      50.3496          1448
      50.3508          1448
       50.352          1448
      50.3532          1448
      50.3544          1448
      50.3556          1448
      50.3568          1448
       50.358          1448
      50.3592          1448
      50.3604          1448
      50.3616          1448
      50.3628          1448
       50.364          1448
      50.3652          1448
      50.3664          1448
      50.3676          1448
      50.3688          1448
        50.37          1448
      50.3713          1448
      50.3725          1448
      50.3737          1448
      50.3749          1448
      50.3761          1448
      50.3773          1448
      50.3785          1448
      50.3797          1448
      50.3809          1448
      50.3821          1448
      50.3833          1448
      50.3845          1448
      50.3857          1448
      50.3869          1448
      50.3881          1448
      50.3893          1448
      50.3905          1448
      50.3917          1448
      50.3929          1448
      50.3941          1448
      50.3953          1448
      50.3965          1448
      50.3977          1448
      50.3989          1448
      50.4001          1448
      50.4013          1448
      50.4025          1448
      50.4037          1448
      50.4049          1448
      50.4061          1448
      50.4073          1448
      50.4085          1448
      50.4097          1448
      50.4109          1448
      50.4121          1448
      50.4133          1448
      50.4145          1448
      50.4157          1448
      50.4169          1448
      50.4181          1448
      50.4193          1448
      50.4205          1448
      50.4217          1448
      50.4229          1448
      50.4241          1448
      50.4253          1448
      50.4265          1448
      50.4277          1448
      50.4289          1448
      50.4301          1448
      50.4313          1448
      50.4325          1448
      50.4337          1448
      50.4349          1448
      50.4361          1448
      50.4373          1448
      50.4385          1448
      50.4397          1448
      50.4409          1448
      50.4421          1448
      50.4433          1448
      50.4445          1448
      50.4457          1448
       50.447          1448
      50.4482          1448
      50.4494          1448
      50.4506          1448
      50.4518          1448
       50.453          1448
      50.4542          1448
      50.5567         95480
      53.2955          1448
      53.2968          1448
       53.298          1448
      53.2992          1448
      53.3004          1448
      53.3016          1448
      53.3028          1448
       53.304          1448
      53.3052          1448
      53.3064          1448
      53.3076          1448
      53.3088          1448
        53.31          1448
      53.3112          1448
      53.3124          1448
      53.3136          1448
      53.3148          1448
       53.316          1448
      53.3172          1448
      53.3184          1448
      53.3196          1448
      53.3208          1448
       53.322          1448
      53.3232          1448
      53.3244          1448
      53.3256          1448
      53.3268          1448
       53.328          1448
      53.3292          1448
      53.3304          1448
      53.3316          1448
      53.3328          1448
       53.334          1448
      53.3352          1448
      53.3364          1448
      53.3376          1448
      53.3388          1448
        53.34          1448
      53.3412          1448
      53.3424          1448
      53.3436          1448
      53.3448          1448
       53.346          1448
      53.3957          1448
      53.3969          1448
      53.3981          1448
      53.3993          1448
      53.4005          1448
      53.4017          1448
      53.4029          1448
      53.4041          1448
      53.4053          1448
      53.4065          1448
      53.4077          1448
      53.4089          1448
      53.4101          1448
      53.4113          1448
      53.4125          1448
      53.4137          1448
      53.4149          1448
      53.4161          1448
      53.4173          1448
      53.4185          1448
      53.4197          1448
      53.4209          1448
      53.4221          1448
      53.4233          1448
      53.4245          1448
      53.4257          1448
      53.4269          1448
      53.4281          1448
      53.4293          1448
      53.4305          1448
      53.4317          1448
      53.4329          1448
      53.4341          1448
      53.4353          1448
      53.4365          1448
      53.4377          1448
      53.4389          1448
      53.4401          1448
      53.4413          1448
      53.4425          1448
      53.4437          1448
      53.4449          1448
      53.4461          1448
      53.4473          1448
      53.4485          1448
      53.4497          1448
      53.4509          1448
      53.4521          1448
      53.4533          1448
      53.4545          1448
      53.4557          1448
      53.4569          1448
      53.4581          1448
      53.4593          1448
      53.4605          1448
      53.4617          1448
      53.4629          1448
      53.4641          1448
      53.4653          1448
      53.4665          1448
      53.4678          1448
       53.469          1448
      53.4702          1448
      53.4946          1448
      53.4958          1448
       53.497          1448
      53.4982          1448
      53.4994          1448
      53.5006          1448
      53.5018          1448
       53.503          1448
      53.5042          1448
      53.5054          1448
      53.5066          1448
      53.5078          1448
       53.509          1448
      53.5102          1448
      53.5114          1448
      53.5126          1448
      53.5138          1448
       53.515          1448
      53.5162          1448
      53.5174          1448
      53.5186          1448
      53.5198          1448
       53.521          1448
      53.5222          1448
      53.5234          1448
      53.5246          1448
      53.5258          1448
       53.527          1448
      53.5282          1448
      53.5294          1448
      53.5306          1448
      53.5318          1448
       53.533          1448
      53.5342          1448
      53.5354          1448
      53.5366          1448
      53.5378          1448
       53.539          1448
      53.5402          1448
      53.5414          1448
      53.5426          1448
      53.5438          1448
       53.545          1448
      53.5462          1448
      53.5474          1448
      53.5486          1448
      53.5498          1448
       53.551          1448
      53.5522          1448
      53.5534          1448
      53.5546          1448
      53.5558          1448
       53.557          1448
      53.5582          1448
      53.5594          1448
      53.5606          1448
      53.5618          1448
      53.5631          1448
      53.5643          1448
      53.5655          1448
      53.5667          1448
      53.5679          1448
      53.5691          1448
      53.5703          1448
      53.5715          1448
      53.5727          1448
      53.5739          1448
      53.5751          1448
      53.5763          1448
      53.5775          1448
      53.5787          1448
      53.5799          1448
      53.5811          1448
      53.5823          1448
      53.5835          1448
      53.5847          1448
      53.5859          1448
      53.5871          1448
      53.5883          1448
      53.5895          1448
      53.5907          1448
      53.5919          1448
      53.5931          1448
      53.5943          1448
      53.5955          1448
      53.5967          1448
      53.5979          1448
      53.5986           832
      56.2956          1448
      56.2968          1448
       56.298          1448
      56.2992          1448
      56.3004          1448
      56.3016          1448
      56.3028          1448
       56.304          1448
      56.3052          1448
      56.3064          1448
      56.3076          1448
      56.3088          1448
        56.31          1448
      56.3112          1448
      56.3124          1448
      56.3136          1448
      56.3148          1448
       56.316          1448
      56.3172          1448
      56.3184          1448
      56.3196          1448
      56.3208          1448
       56.322          1448
      56.3232          1448
      56.3244          1448
      56.3256          1448
      56.3268          1448
       56.328          1448
      56.3292          1448
      56.3304          1448
      56.3316          1448
      56.3328          1448
       56.334          1448
      56.3352          1448
      56.3364          1448
      56.3376          1448
      56.3388          1448
        56.34          1448
      56.3412          1448
      56.3424          1448
      56.3436          1448
      56.3448          1448
       56.346          1448
      56.3472          1448
      56.3484          1448
      56.3496          1448
      56.3508          1448
       56.352          1448
      56.3532          1448
      56.3544          1448
      56.3556          1448
      56.3568          1448
       56.358          1448
      56.3592          1448
      56.3604          1448
      56.3616          1448
      56.3628          1448
       56.364          1448
      56.3653          1448
      56.3665          1448
      56.3677          1448
      56.3689          1448
      56.3701          1448
      56.3713          1448
      56.3725          1448
      56.3737          1448
      56.3749          1448
      56.3761          1448
      56.3773          1448
      56.3785          1448
      56.3797          1448
      56.3809          1448
      56.3821          1448
      56.3833          1448
      56.3845          1448
      56.3857          1448
      56.3869          1448
      56.3881          1448
      56.3893          1448
      56.3905          1448
      56.3917          1448
      56.3929          1448
      56.3941          1448
      56.3953          1448
      56.3965          1448
      56.3977          1448
      56.3989          1448
      56.4001          1448
      56.4013          1448
      56.4025          1448
      56.4037          1448
      56.4049          1448
      56.4061          1448
      56.4073          1448
      56.4085          1448
      56.4097          1448
      56.4109          1448
      56.4121          1448
      56.4133          1448
      56.4145          1448
      56.4157          1448
      56.4169          1448
      56.4181          1448
      56.4193          1448
      56.4205          1448
      56.4217          1448
      56.4229          1448
      56.4241          1448
      56.4253          1448
      56.4265          1448
      56.4277          1448
      56.4289          1448
      56.4301          1448
      56.4313          1448
      56.4325          1448
      56.4337          1448
      56.4349          1448
      56.4361          1448
      56.4373          1448
      56.4385          1448
      56.4397          1448
       56.441          1448
      56.4422          1448
      56.4434          1448
      56.4446          1448
      56.4458          1448
       56.447          1448
      56.4482          1448
      56.4494          1448
      56.4506          1448
      56.4518          1448
       56.453          1448
      56.4542          1448
      56.5567         67406
      59.2955          1448
      59.2968          1448
       59.298          1448
      59.2992          1448
      59.3004          1448
      59.3016          1448
      59.3028          1448
       59.304          1448
      59.3052          1448
      59.3064          1448
      59.3076          1448
      59.3088          1448
        59.31          1448
      59.3112          1448
      59.3124          1448
      59.3136          1448
      59.3148          1448
       59.316          1448
      59.3172          1448
      59.3184          1448
      59.3196          1448
      59.3208          1448
       59.322          1448
      59.3232          1448
      59.3244          1448
      59.3256          1448
      59.3268          1448
       59.328          1448
      59.3292          1448
      59.3304          1448
      59.3957          1448
      59.3969          1448
      59.3981          1448
      59.3993          1448
      59.4005          1448
      59.4017          1448
      59.4029          1448
      59.4041          1448
      59.4053          1448
      59.4065          1448
      59.4077          1448
      59.4089          1448
      59.4101          1448
      59.4113          1448
      59.4125          1448
      59.4137          1448
      59.4149          1448
      59.4161          1448
      59.4173          1448
      59.4185          1448
      59.4197          1448
      59.4209          1448
      59.4221          1448
      59.4233          1448
      59.4245          1448
      59.4257          1448
      59.4269          1448
      59.4281          1448
      59.4293          1448
      59.4305          1448
      59.4317          1448
      59.4329          1448
      59.4341          1448
      59.4353          1448
      59.4365          1448
      59.4377          1448
      59.4389          1448
      59.4401          1448
      59.4413          1448
      59.4425          1448
      59.4437          1448
      59.4449          1448
      59.4461          1448
      59.4473          1448
      59.4485          1448
      59.4958          1448
       59.497          1448
      59.4982          1448
      59.4994          1448
      59.5006          1448
      59.5018          1448
       59.503          1448
      59.5042          1448
      59.5054          1448
      59.5066          1448
      59.5078          1448
       59.509          1448
      59.5102          1448
      59.5114          1448
      59.5126          1448
      59.5138          1448
       59.515          1448
      59.5162          1448
      59.5174          1448
      59.5186          1448
      59.5198          1448
       59.521          1448
      59.5222          1448
      59.5234          1448
      59.5246          1448
      59.5258          1448
       59.527          1448
      59.5282          1448
      59.5294          1448
      59.5306          1448
      59.5318          1448
       59.533          1448
      59.5342          1448
      59.5354          1448
      59.5366          1448
      59.5378          1448
       59.539          1448
      59.5402          1448
      59.5414          1448
      59.5426          1448
      59.5438          1448
       59.545          1448
      59.5462          1448
      59.5474          1448
      59.5486          1448
      59.5498          1448
       59.551          1448
      59.5522          1448
      59.5534          1448
      59.5546          1448
      59.5558          1448
       59.557          1448
      59.5582          1448
      59.5594          1448
      59.5606          1448
      59.5618          1448
      59.5631          1448
      59.5643          1448
      59.5655          1448
      59.5667          1448
      59.5679          1448
      59.5691          1448
      59.5703          1448
      59.5715          1448
      59.5727          1448
      59.5739          1448
      59.5947          1448
      59.5959          1448
      59.5971          1448
      59.5983          1448
      59.5995          1448
      59.6007          1448
      59.6019          1448
      59.6031          1448
      59.6043          1448
      59.6055          1448
      59.6067          1448
      59.6079          1448
      59.6091          1448
      59.6103          1448
      59.6115          1448
      59.6127          1448
      59.6139          1448
      59.6151          1448
      59.6163          1448
      59.6175          1448
      59.6187          1448
      59.6199          1448
      59.6211          1448
      59.6223          1448
      59.6235          1448
      59.6247          1448
      59.6259          1448
      59.6271          1448
      59.6283          1448
      59.6295          1448
      59.6307          1448
      59.6319          1448
      59.6331          1448
      59.6343          1448
      59.6355          1448
      59.6367          1448
      59.6379          1448
      59.6391          1448
      59.6403          1448
      59.6405           172
