Segment_Index Rep_Level Decision_Point_Of_Time Case DelayCase
            0         0                2.09609    0         0
            1         0                2.19385    1         0
            2         0                2.39593    1         0
            3         0                2.59627    1         0
            4         0                2.71867    1         0
            5         0                2.83108    1         0
            6         0                2.94357    1         0
            7         0                3.05252    1         0
            8         0                 3.1584    1         0
            9         0                3.26677    1         0
           10         0                3.37279    1         0
           11         0                3.48028    1         0
           12         0                3.58638    1         0
           13         0                3.69236    1         0
           14         0                3.79536    1         0
           15         0                3.89934    1         0
           16         0                4.00847    1         0
           17         0                4.11695    1         0
           18         0                4.22721    1         0
           19         0                4.33958    1         0
           20         1                4.45138    1         1
