Segment_Index Playback_Start Quality_Level
            0        2.19663             0
            1        5.19663             0
            2        8.19663             0
            3        11.1966             0
            4        14.1966             0
            5        17.1966             0
            6        20.1966             0
            7        23.1966             0
            8        26.1966             0
            9        29.1966             0
           10        32.1966             0
           11        35.1966             0
           12        38.1966             0
           13        41.1966             0
           14        44.1966             0
           15        47.1966             0
           16        50.1966             0
           17        53.1966             0
           18        56.1966             0
           19        59.1966             0
           20        62.1966             1
           21        65.1966             1
           22        68.1966             1
           23        71.1966             1
           24        74.1966             1
           25        77.1966             1
           26        80.1966             2
           27        83.1966             2
           28        86.1966             2
           29        89.1966             2
           30        92.1966             2
           31        95.1966             2
           32        98.1966             3
           33        101.197             3
           34        104.197             3
           35        107.197             3
           36        110.197             3
           37        113.197             3
           38        116.197             4
           39        119.197             4
           40        122.197             4
           41        125.197             4
           42        128.197             4
           43        131.197             4
           44        134.197             5
           45        137.197             5
           46        140.197             5
           47        143.197             5
           48        146.197             5
           49        149.197             5
           50        152.197             5
           51        155.197             5
           52        158.197             5
           53        161.197             5
           54        164.197             5
           55        167.197             5
           56        170.197             5
           57        173.197             5
           58        176.197             5
           59        179.197             5
           60        182.197             5
           61        185.197             5
           62        188.197             5
           63        191.197             5
           64        194.197             5
           65        197.197             5
           66        200.197             5
           67        203.197             5
           68        206.197             5
           69        209.197             5
           70        212.197             5
           71        215.197             5
           72        218.197             5
           73        221.197             5
           74        224.197             5
           75        227.197             5
           76        230.197             5
           77        233.197             5
           78        236.197             5
           79        239.197             5
           80        242.197             5
           81        245.197             5
           82        248.197             5
           83        251.197             5
           84        254.197             5
           85        257.197             5
           86        260.197             5
           87        263.197             5
           88        266.197             5
           89        269.197             5
           90        272.197             5
           91        275.197             5
           92        278.197             5
           93        281.197             5
           94        284.197             5
           95        287.197             5
           96        290.197             5
           97        293.197             5
           98        296.197             5
           99        299.197             5
          100        302.197             5
          101        305.197             5
          102        308.197             5
          103        311.197             5
          104        314.197             5
          105        317.197             5
          106        320.197             5
          107        323.197             5
          108        326.197             5
          109        329.197             5
          110        332.197             5
          111        335.197             5
          112        338.197             5
          113        341.197             5
          114        344.197             5
          115        347.197             5
          116        350.197             5
          117        353.197             5
          118        356.197             5
          119        359.197             5
          120        362.197             5
          121        365.197             5
          122        368.197             5
          123        371.197             5
          124        374.197             5
          125        377.197             5
          126        380.197             5
          127        383.197             5
          128        386.197             5
          129        389.197             5
          130        392.197             5
          131        395.197             5
          132        398.197             5
          133        401.197             5
          134        404.197             5
          135        407.197             5
          136        410.197             5
          137        413.197             5
          138        416.197             5
          139        419.197             5
          140        422.197             5
          141        425.197             5
          142        428.197             5
          143        431.197             5
          144        434.197             5
          145        437.197             5
          146        440.197             5
          147        443.197             5
          148        446.197             5
          149        449.197             5
          150        452.197             5
          151        455.197             5
          152        458.197             5
          153        461.197             5
          154        464.197             5
          155        467.197             5
          156        470.197             5
          157        473.197             5
          158        476.197             5
          159        479.197             5
          160        482.197             5
          161        485.197             5
          162        488.197             5
          163        491.197             5
          164        494.197             5
          165        497.197             5
