Segment_Index Download_Request_Sent Download_Start Download_End Segment_Size Download_OK
            0               2.09619        2.19474      2.19569         3128           Y
            1               2.19569        2.29494      2.42142        44788           Y
            2               2.42142        2.51996      2.63096        83412           Y
            3               2.63096        2.72969      2.83042        92274           Y
            4               2.83042        2.92895      2.96359        56210           Y
            5               2.96359        3.06209      3.09257        56494           Y
            6               3.09257         3.1911      3.21447        43658           Y
            7               3.21447        3.31297      3.33022        32596           Y
            8               3.33022        3.42872      3.46458        41642           Y
            9               3.46458        3.56308      3.58063        33180           Y
           10               3.58063        3.67954      3.71364        38444           Y
           11               3.71364        3.81213      3.82983        33376           Y
           12               3.82983        3.92913      3.95617        32942           Y
           13               3.95617        4.05467      4.06617        22196           Y
           14               4.06617         4.1647      4.17814        25740           Y
           15               4.17814        4.27667      4.30039        44300           Y
           16               4.30039        4.39931      4.43978        42024           Y
           17               4.43978        4.53904      4.59146        48390           Y
           18               4.59146        4.68999      4.73621        56032           Y
           19               4.73621        4.83471      4.86382        54032           Y
