Segment_Index Download_Request_Sent Download_Start Download_End Segment_Size Download_OK
            0               2.09622         2.1952      2.19663         3128           Y
            1               2.19663        2.29597      2.43287        44788           Y
            2               2.43287        2.53269      2.64916        83412           Y
            3               2.64916        2.74888      2.87473        92274           Y
            4               2.87473        2.97369      3.02035        56210           Y
            5               3.02035        3.12035      3.19491        56494           Y
            6               3.19491        3.29387      3.32893        43658           Y
            7               3.32893        3.42785      3.46261        32596           Y
            8               3.46261        3.56172      3.61792        41642           Y
            9               3.61792        3.71684      3.75715        33180           Y
           10               3.75715        3.85704      3.90819        38444           Y
           11               3.90819         4.0071      4.03364        33376           Y
           12               4.03364         4.1326      4.15874        32942           Y
           13               4.15874        4.25805      4.28731        22196           Y
           14               4.28731        4.38627      4.40644        25740           Y
           15               4.40644         4.5054      4.54097        44300           Y
           16               4.54097        4.64013      4.69261        42024           Y
           17               4.69261        4.79229       4.8577        48390           Y
           18                4.8577        4.95666      5.00197        56032           Y
           19               5.00197        5.10089      5.14455        54032           Y
           20               32.1966        32.2955      32.3947       112556           Y
           21               35.1966        35.2955      35.5731       204056           Y
           22               38.1966        38.2955      39.0617       170788           Y
           23               41.1966        41.2955      41.4903       142026           Y
           24               44.1966        44.2955      44.4324       114824           Y
           25               47.1966        47.2955      47.3815       104946           Y
           26               50.1966        50.2955      50.5567       288064           Y
           27               53.1966        53.2955      53.5986       280296           Y
           28               56.1966        56.2955      56.5567       259990           Y
           29               59.1966        59.2955      59.6405       260812           Y
           30               62.1966        62.2955      62.4445       180962           Y
           31               65.1966        65.2955      65.5567       219144           Y
           32               68.1966        68.2955      69.1044       544846           Y
           33               71.1966        71.2955      71.5289       282550           Y
           34               74.1966        74.2955       74.651       429728           Y
           35               77.1966        77.2955      77.4862       231128           Y
           36               80.1966        80.2956      80.5334       288106           Y
           37               83.1966        83.2955      83.5567       259568           Y
           38               86.1966        86.2955      86.8633       529286           Y
           39               89.1966        89.2955      89.7225       515898           Y
           40               92.1966        92.2955      92.8423       660316           Y
           41               95.1966        95.2955      95.8499       669498           Y
           42               98.1966        98.2955      98.8899       717700           Y
           43               101.197        101.296      101.883       643228           Y
           44               104.197        104.296      104.933       769760           Y
           45               107.197        107.296      108.123       998702           Y
           46               110.197        110.296      111.239      1138672           Y
           47               113.197        113.296       114.21      1103682           Y
           48               116.197        116.296       117.49      1441186           Y
           49               119.197        119.296      120.259      1162574           Y
           50               122.197        122.296      122.876       701398           Y
           51               125.197        125.296      125.557       267270           Y
           52               128.197        128.296      129.995      1911638           Y
           53               131.197        131.296      134.456      3809514           Y
           54               134.456        134.555      136.967      2908998           Y
           55               137.197        137.296      140.717      4124046           Y
           56               140.717        140.816      143.932      3757420           Y
           57               143.932        144.031      147.056      3646514           Y
           58               147.056        147.155      149.531      2863936           Y
           59               149.531        149.629      150.801      1413148           Y
           60               152.197        152.296      154.565      2735758           Y
           61               155.197        155.296      158.286      3605436           Y
           62               158.286        158.385      159.984      1927798           Y
           63               161.197        161.296      162.797      1810158           Y
           64               164.197        164.296      166.343      2468234           Y
           65               167.197        167.296      168.659      1644128           Y
           66               170.197        170.296       171.36      1283582           Y
           67               173.197        173.296       173.83       645554           Y
           68               176.197        176.296       176.69       476182           Y
           69               179.197        179.296      181.659      2849792           Y
           70               182.197        182.296      184.915      3157680           Y
           71               185.197        185.296      186.668      1655086           Y
           72               188.197        188.296      190.304      2422030           Y
           73               191.197        191.296      192.012       865194           Y
           74               194.197        194.296      194.312        21740           Y
           75               197.197        197.296      198.683      1672964           Y
           76               200.197        200.296       203.14      3429076           Y
           77               203.197        203.296      206.298      3619938           Y
           78               206.298        206.397      209.297      3495936           Y
           79               209.297        209.396      212.543      3793936           Y
           80               212.543        212.642      215.663      3642068           Y
           81               215.663        215.762       217.93      2613222           Y
           82               218.197        218.296      220.351      2477740           Y
           83               221.197        221.296      223.655      2844468           Y
           84               224.197        224.296      226.152      2238952           Y
           85               227.197        227.296      228.835      1856964           Y
           86               230.197        230.296       232.04      2104104           Y
           87               233.197        233.296      235.423      2565686           Y
           88               236.197        236.296      238.921      3164702           Y
           89               239.197        239.296      242.628      4017534           Y
           90               242.628        242.727      245.186      2964310           Y
           91               245.197        245.296       248.95      4405610           Y
           92                248.95        249.049      251.603      3078792           Y
           93               251.603        251.702      253.909      2660794           Y
           94               254.197        254.296      258.093      4577932           Y
           95               258.093        258.192      259.578      1670978           Y
           96               260.197        260.296      262.885      3121956           Y
           97               263.197        263.296      266.374      3711576           Y
           98               266.374        266.473      268.226      2113830           Y
           99               269.197        269.296      271.921      3165496           Y
          100               272.197        272.296      275.518      3884196           Y
          101               275.518        275.617      277.557      2339512           Y
          102               278.197        278.296      279.517      1472964           Y
          103               281.197        281.296      282.583      1552708           Y
          104               284.197        284.296      285.663      1649486           Y
          105               287.197        287.296      288.895      1928648           Y
          106               290.197        290.296      292.505      2664290           Y
          107               293.197        293.296      295.272      2382926           Y
          108               296.197        296.296      298.486      2641274           Y
          109               299.197        299.296      300.727      1726200           Y
          110               302.197        302.296      303.179      1066390           Y
          111               305.197        305.296      306.009       861156           Y
          112               308.197        308.296      308.709       383238           Y
          113               311.197        311.296      311.565       325736           Y
          114               314.197        314.296       314.59       355820           Y
          115               317.197        317.296      317.666       437786           Y
          116               320.197        320.296      321.224      1120514           Y
          117               323.197        323.296      324.593      1565278           Y
          118               326.197        326.296      328.158      2246054           Y
          119               329.197        329.296      330.489      1439812           Y
          120               332.197        332.296      334.031      2092608           Y
          121               335.197        335.296      336.591      1562956           Y
          122               338.197        338.296      339.207      1099550           Y
          123               341.197        341.296      341.747       545526           Y
          124               344.197        344.296      347.073      3348426           Y
          125               347.197        347.296      349.409      2548652           Y
          126               350.197        350.296       352.46      2609818           Y
          127               353.197        353.296       355.32      2441370           Y
          128               356.197        356.296      358.352      2479116           Y
          129               359.197        359.296      361.054      2120604           Y
          130               362.197        362.296      363.722      1720670           Y
          131               365.197        365.296       366.53      1489034           Y
          132               368.197        368.296      369.871      1899890           Y
          133               371.197        371.296      372.719      1716682           Y
          134               374.197        374.296      375.492      1443298           Y
          135               377.197        377.296      378.663      1649440           Y
          136               380.197        380.296      380.917       749824           Y
          137               383.197        383.296      384.363      1287512           Y
          138               386.197        386.296       387.64      1621168           Y
          139               389.197        389.296      390.798      1811462           Y
          140               392.197        392.296      393.116       990190           Y
          141               395.197        395.296      396.815      1832646           Y
          142               398.197        398.296      400.888      3125862           Y
          143               401.197        401.296      403.319      2439334           Y
          144               404.197        404.296      406.205      2302404           Y
          145               407.197        407.296      409.189      2283298           Y
          146               410.197        410.296      412.023      2083042           Y
          147               413.197        413.296      415.484      2638298           Y
          148               416.197        416.296      417.861      1888154           Y
          149               419.197        419.296       419.99       838810           Y
          150               422.197        422.296      423.511      1465628           Y
          151               425.197        425.296      426.391      1321054           Y
          152               428.197        428.296      429.565      1531564           Y
          153               431.197        431.296      432.569      1536356           Y
          154               434.197        434.296      435.479      1427612           Y
          155               437.197        437.296      438.103       974274           Y
          156               440.197        440.296      441.299      1210618           Y
          157               443.197        443.296      445.373      2505438           Y
          158               446.197        446.296      448.042      2106386           Y
          159               449.197        449.296      450.339      1258916           Y
          160               452.197        452.296      453.615      1591920           Y
          161               455.197        455.296      457.997      3256720           Y
          162               458.197        458.296      460.137      2220868           Y
          163               461.197        461.296       463.12      2200020           Y
          164               464.197        464.296      465.626      1604814           Y
          165               467.197        467.296      468.682      1672490           Y
          166               470.197        470.296      472.694      2891308           Y
          167               473.197        473.296      475.464      2614254           Y
          168               476.197        476.296      478.622      2805362           Y
          169               479.197        479.296       481.24      2344458           Y
          170               482.197        482.296      484.131      2213208           Y
          171               485.197        485.296      486.413      1347990           Y
          172               488.197        488.296      489.442      1383444           Y
          173               491.197        491.296       492.67      1657150           Y
          174               494.197        494.296      495.636      1616186           Y
          175               497.197        497.296      497.951       791876           Y
