Segment_Index Download_Request_Sent Download_Start Download_End Segment_Size Download_OK
            0               2.09628        2.19611      2.19754         3128           Y
            1               2.19754        2.29729      2.41978        44788           Y
            2               2.41978        2.51952      2.63682        83412           Y
            3               2.63682        2.73662        2.812        92274           Y
            4                 2.812        2.91179      2.95724        56210           Y
            5               2.95724        3.05699      3.10271        56494           Y
            6               3.10271         3.2025      3.23757        43658           Y
            7               3.23757        3.33732      3.36319        32596           Y
            8               3.36319        3.46293       3.4963        41642           Y
            9                3.4963        3.59605      3.62238        33180           Y
           10               3.62238        3.72213      3.75285        38444           Y
           11               3.75285         3.8526      3.87914        33376           Y
           12               3.87914        3.97893      4.00508        32942           Y
           13               4.00508        4.10482      4.12207        22196           Y
           14               4.12207        4.22186      4.24203        25740           Y
           15               4.24203        4.34182       4.3774        44300           Y
           16                4.3774        4.47715      4.51086        42024           Y
           17               4.51086        4.61066      4.64963        48390           Y
           18               4.64963        4.74943      4.79474        56032           Y
           19               4.79474        4.89448      4.93815        54032           Y
