Segment_Index Rep_Level Decision_Point_Of_Time Case DelayCase
            0         0                2.09622    0         0
            1         0                2.19663    1         0
            2         0                2.43287    1         0
            3         0                2.64916    1         0
            4         0                2.87473    1         0
            5         0                3.02035    1         0
            6         0                3.19491    1         0
            7         0                3.32893    1         0
            8         0                3.46261    1         0
            9         0                3.61792    1         0
           10         0                3.75715    1         0
           11         0                3.90819    1         0
           12         0                4.03364    1         0
           13         0                4.15874    1         0
           14         0                4.28731    1         0
           15         0                4.40644    1         0
           16         0                4.54097    1         0
           17         0                4.69261    1         0
           18         0                 4.8577    1         0
           19         0                5.00197    1         0
           20         1                5.14455    1         1
           21         1                32.3947    3         1
           22         1                35.5731    3         1
           23         1                39.0617    3         1
           24         1                41.4903    3         1
           25         1                44.4324    3         1
           26         2                47.3815    1         1
           27         2                50.5567    3         1
           28         2                53.5986    3         1
           29         2                56.5567    3         1
           30         2                59.6405    3         1
           31         2                62.4445    3         1
           32         3                65.5567    1         1
           33         3                69.1044    3         1
           34         3                71.5289    3         1
           35         3                 74.651    3         1
           36         3                77.4862    3         1
           37         3                80.5334    3         1
           38         4                83.5567    1         1
           39         4                86.8633    3         1
           40         4                89.7225    3         1
           41         4                92.8423    3         1
           42         4                95.8499    3         1
           43         4                98.8899    3         1
           44         5                101.883    1         1
           45         5                104.933    3         1
           46         5                108.123    3         1
           47         5                111.239    3         1
           48         5                 114.21    3         1
           49         5                 117.49    3         1
           50         5                120.259    3         1
           51         5                122.876    3         1
           52         5                125.557    3         1
           53         5                129.995    3         1
           54         5                134.456    3         0
           55         5                136.967    3         1
           56         5                140.717    3         0
           57         5                143.932    3         0
           58         5                147.056    3         0
           59         5                149.531    3         0
           60         5                150.801    3         1
           61         5                154.565    3         1
           62         5                158.286    3         0
           63         5                159.984    3         1
           64         5                162.797    3         1
           65         5                166.343    3         1
           66         5                168.659    3         1
           67         5                 171.36    3         1
           68         5                 173.83    3         1
           69         5                 176.69    3         1
           70         5                181.659    3         1
           71         5                184.915    3         1
           72         5                186.668    3         1
           73         5                190.304    3         1
           74         5                192.012    3         1
           75         5                194.312    3         1
           76         5                198.683    3         1
           77         5                 203.14    3         1
           78         5                206.298    3         0
           79         5                209.297    3         0
           80         5                212.543    3         0
           81         5                215.663    3         0
           82         5                 217.93    3         1
           83         5                220.351    3         1
           84         5                223.655    3         1
           85         5                226.152    3         1
           86         5                228.835    3         1
           87         5                 232.04    3         1
           88         5                235.423    3         1
           89         5                238.921    3         1
           90         5                242.628    3         0
           91         5                245.186    3         1
           92         5                 248.95    3         0
           93         5                251.603    3         0
           94         5                253.909    3         1
           95         5                258.093    3         0
           96         5                259.578    3         1
           97         5                262.885    3         1
           98         5                266.374    3         0
           99         5                268.226    3         1
          100         5                271.921    3         1
          101         5                275.518    3         0
          102         5                277.557    3         1
          103         5                279.517    3         1
          104         5                282.583    3         1
          105         5                285.663    3         1
          106         5                288.895    3         1
          107         5                292.505    3         1
          108         5                295.272    3         1
          109         5                298.486    3         1
          110         5                300.727    3         1
          111         5                303.179    3         1
          112         5                306.009    3         1
          113         5                308.709    3         1
          114         5                311.565    3         1
          115         5                 314.59    3         1
          116         5                317.666    3         1
          117         5                321.224    3         1
          118         5                324.593    3         1
          119         5                328.158    3         1
          120         5                330.489    3         1
          121         5                334.031    3         1
          122         5                336.591    3         1
          123         5                339.207    3         1
          124         5                341.747    3         1
          125         5                347.073    3         1
          126         5                349.409    3         1
          127         5                 352.46    3         1
          128         5                 355.32    3         1
          129         5                358.352    3         1
          130         5                361.054    3         1
          131         5                363.722    3         1
          132         5                 366.53    3         1
          133         5                369.871    3         1
          134         5                372.719    3         1
          135         5                375.492    3         1
          136         5                378.663    3         1
          137         5                380.917    3         1
          138         5                384.363    3         1
          139         5                 387.64    3         1
          140         5                390.798    3         1
          141         5                393.116    3         1
          142         5                396.815    3         1
          143         5                400.888    3         1
          144         5                403.319    3         1
          145         5                406.205    3         1
          146         5                409.189    3         1
          147         5                412.023    3         1
          148         5                415.484    3         1
          149         5                417.861    3         1
          150         5                 419.99    3         1
          151         5                423.511    3         1
          152         5                426.391    3         1
          153         5                429.565    3         1
          154         5                432.569    3         1
          155         5                435.479    3         1
          156         5                438.103    3         1
          157         5                441.299    3         1
          158         5                445.373    3         1
          159         5                448.042    3         1
          160         5                450.339    3         1
          161         5                453.615    3         1
          162         5                457.997    3         1
          163         5                460.137    3         1
          164         5                 463.12    3         1
          165         5                465.626    3         1
          166         5                468.682    3         1
          167         5                472.694    3         1
          168         5                475.464    3         1
          169         5                478.622    3         1
          170         5                 481.24    3         1
          171         5                484.131    3         1
          172         5                486.413    3         1
          173         5                489.442    3         1
          174         5                 492.67    3         1
          175         5                495.636    3         1
          176         5                497.951    3         1
