Buffer_Underrun_Started_At          2.1947                   5.19569 54          1448
      2.19569           232
      2.29419          1448
      2.29499          1448
       2.2958          1448
       2.2966          1448
       2.2974          1448
       2.2982          1448
        2.299          1448
       2.2998          1448
       2.3006          1448
       2.3014          1448
       2.3022          1448
      2.30301          1448
      2.39348          1448
      2.39428          1448
      2.39509          1448
      2.39589          1448
      2.39669          1448
      2.39749          1448
      2.39829          1448
      2.39909          1448
      2.39989          1448
      2.40069          1448
      2.40149          1448
       2.4023          1448
       2.4031          1448
       2.4039          1448
       2.4047          1448
       2.4055          1448
       2.4063          1448
       2.4071          1448
      2.40785          1348
      2.50635          1448
      2.50715          1448
      2.50795          1448
      2.50875          1448
      2.50955          1448
      2.51035          1448
      2.51116          1448
      2.51196          1448
      2.51276          1448
      2.51356          1448
      2.51436          1448
      2.51516          1448
      2.51596          1448
      2.51676          1448
      2.51756          1448
      2.51837          1448
      2.51917          1448
      2.51997          1448
      2.52077          1448
      2.52157          1448
      2.52237          1448
      2.52317          1448
      2.52397          1448
      2.52477          1448
      2.52557          1448
      2.52637          1448
      2.52718          1448
      2.52798          1448
      2.52878          1448
      2.52958          1448
      2.53038          1448
      2.53118          1448
      2.53198          1448
      2.53278          1448
      2.53358          1448
      2.53439          1448
      2.53519          1448
      2.53599          1448
      2.53679          1448
      2.53759          1448
      2.53839          1448
      2.53919          1448
      2.53999          1448
      2.60564          1448
      2.60644          1448
      2.60724          1448
      2.60804          1448
      2.60884          1448
      2.60964          1448
      2.61045          1448
      2.61125          1448
      2.61205          1448
      2.61285          1448
      2.61365          1448
      2.61445          1448
      2.61525          1448
      2.61605          1448
      2.61655           876
      2.71508          1448
      2.71588          1448
      2.71668          1448
      2.71748          1448
      2.71828          1448
      2.71908          1448
      2.71988          1448
      2.72069          1448
      2.72149          1448
      2.72229          1448
      2.72309          1448
      2.72389          1448
      2.72469          1448
      2.72549          1448
      2.72629          1448
      2.72709          1448
      2.72789          1448
       2.7287          1448
       2.7295          1448
       2.7303          1448
       2.7311          1448
       2.7319          1448
       2.7327          1448
       2.7335          1448
       2.7343          1448
       2.7351          1448
       2.7359          1448
      2.73671          1448
      2.73751          1448
      2.73831          1448
      2.73911          1448
      2.73991          1448
      2.74071          1448
      2.74151          1448
      2.74231          1448
      2.74311          1448
      2.74392          1448
      2.74472          1448
      2.74552          1448
      2.74632          1448
      2.74712          1448
      2.74792          1448
      2.74872          1448
      2.74952          1448
      2.75032          1448
      2.75113          1448
      2.75193          1448
      2.75273          1448
      2.75353          1448
      2.75433          1448
      2.75513          1448
      2.75593          1448
      2.75673          1448
      2.75753          1448
      2.75834          1448
      2.75914          1448
      2.75994          1448
      2.76074          1448
      2.76154          1448
      2.76234          1448
      2.76314          1448
      2.76394          1448
      2.76474          1448
      2.76533          1050
      2.86386          1448
      2.86466          1448
      2.86546          1448
      2.86626          1448
      2.86706          1448
      2.86787          1448
      2.86867          1448
      2.86947          1448
      2.87027          1448
      2.87107          1448
      2.87187          1448
      2.87267          1448
      2.87347          1448
      2.87427          1448
      2.87507          1448
      2.87588          1448
      2.87668          1448
      2.87748          1448
      2.87828          1448
      2.87908          1448
      2.87988          1448
      2.88068          1448
      2.88148          1448
      2.88228          1448
      2.88309          1448
      2.88389          1448
      2.88469          1448
      2.88549          1448
      2.88629          1448
      2.88709          1448
      2.88789          1448
      2.88869          1448
      2.88949          1448
       2.8903          1448
       2.8911          1448
       2.8919          1448
       2.8927          1448
       2.8935          1448
      2.89416          1186
      2.99266          1448
      2.99346          1448
      2.99426          1448
      2.99506          1448
      2.99586          1448
      2.99667          1448
      2.99747          1448
      2.99827          1448
      2.99907          1448
      2.99987          1448
      3.00067          1448
      3.00147          1448
      3.00227          1448
      3.00307          1448
      3.00387          1448
      3.00468          1448
      3.00548          1448
      3.00628          1448
      3.00708          1448
      3.00788          1448
      3.00868          1448
      3.00948          1448
      3.01028          1448
      3.01109          1448
      3.01189          1448
      3.01269          1448
      3.01349          1448
      3.01429          1448
      3.01509          1448
      3.01589          1448
      3.01669          1448
      3.01749          1448
      3.01829          1448
       3.0191          1448
       3.0199          1448
       3.0207          1448
       3.0215          1448
       3.0223          1448
       3.0231          1448
      3.02314            22
      3.12167          1448
      3.12247          1448
      3.12327          1448
      3.12407          1448
      3.12487          1448
      3.12568          1448
      3.12648          1448
      3.12728          1448
      3.12808          1448
      3.12888          1448
      3.12968          1448
      3.13048          1448
      3.13128          1448
      3.13208          1448
      3.13288          1448
      3.13368          1448
      3.13449          1448
      3.13529          1448
      3.13609          1448
      3.13689          1448
      3.13769          1448
      3.13849          1448
      3.13929          1448
      3.14009          1448
      3.14089          1448
       3.1417          1448
       3.1425          1448
       3.1433          1448
       3.1441          1448
       3.1449          1448
      3.14505           218
      3.24354          1448
      3.24435          1448
      3.24515          1448
      3.24595          1448
      3.24675          1448
      3.24755          1448
      3.24835          1448
      3.24915          1448
      3.24995          1448
      3.25075          1448
      3.25156          1448
      3.25236          1448
      3.25316          1448
      3.25396          1448
      3.25476          1448
      3.25556          1448
      3.25636          1448
      3.25716          1448
      3.25796          1448
      3.25876          1448
      3.25957          1448
      3.26037          1448
      3.26079           740
      3.35929          1448
      3.36009          1448
      3.36089          1448
      3.36169          1448
      3.36249          1448
      3.36329          1448
       3.3641          1448
       3.3649          1448
       3.3657          1448
       3.3665          1448
       3.3673          1448
       3.3681          1448
       3.3689          1448
       3.3697          1448
       3.3705          1448
       3.3713          1448
      3.37211          1448
      3.37291          1448
      3.37371          1448
      3.37451          1448
      3.37531          1448
      3.37611          1448
      3.37691          1448
      3.37771          1448
      3.37852          1448
      3.37932          1448
      3.38012          1448
      3.38092          1448
      3.38153          1098
      3.48003          1448
      3.48083          1448
      3.48163          1448
      3.48244          1448
      3.48324          1448
      3.48404          1448
      3.48484          1448
      3.48564          1448
      3.48644          1448
      3.48724          1448
      3.48804          1448
      3.48884          1448
      3.48964          1448
      3.49045          1448
      3.49125          1448
      3.49205          1448
      3.49285          1448
      3.49365          1448
      3.49445          1448
      3.49525          1448
      3.49605          1448
      3.49685          1448
      3.49759          1324
      3.59609          1448
      3.59689          1448
      3.59769          1448
      3.59849          1448
      3.59929          1448
      3.60009          1448
      3.60089          1448
       3.6017          1448
       3.6025          1448
       3.6033          1448
       3.6041          1448
       3.6049          1448
       3.6057          1448
       3.6065          1448
       3.6073          1448
       3.6081          1448
      3.60891          1448
      3.60971          1448
      3.61051          1448
      3.61131          1448
      3.61211          1448
      3.61291          1448
      3.61371          1448
      3.61451          1448
      3.61531          1448
      3.61612          1448
      3.61657           796
      3.71507          1448
      3.71587          1448
      3.71667          1448
      3.71747          1448
      3.71827          1448
      3.71907          1448
      3.71987          1448
      3.72067          1448
      3.72148          1448
      3.72228          1448
      3.72308          1448
      3.72388          1448
      3.72468          1448
      3.72548          1448
      3.72628          1448
      3.72708          1448
      3.72789          1448
      3.72869          1448
      3.72949          1448
      3.73029          1448
      3.73109          1448
      3.73189          1448
      3.73269          1448
      3.73276            72
      3.83129          1448
      3.83209          1448
      3.83289          1448
      3.83369          1448
      3.83449          1448
      3.83529          1448
      3.83609          1448
      3.83689          1448
       3.8377          1448
       3.8385          1448
       3.8393          1448
       3.8401          1448
       3.8409          1448
       3.8417          1448
       3.8425          1448
       3.8433          1448
       3.8441          1448
       3.8449          1448
      3.84571          1448
      3.84651          1448
      3.84731          1448
      3.84811          1448
      3.84872          1086
      3.94722          1448
      3.94802          1448
      3.94882          1448
      3.94962          1448
      3.95042          1448
      3.95122          1448
      3.95202          1448
      3.95282          1448
      3.95362          1448
      3.95443          1448
      3.95523          1448
      3.95603          1448
      3.95683          1448
      3.95763          1448
      3.95843          1448
      3.95871           476
      4.05724          1448
      4.05804          1448
      4.05884          1448
      4.05964          1448
      4.06045          1448
      4.06125          1448
      4.06205          1448
      4.06285          1448
      4.06365          1448
      4.06445          1448
      4.06525          1448
      4.06605          1448
      4.06685          1448
      4.06766          1448
      4.06846          1448
      4.06926          1448
      4.07006          1448
      4.07069          1124
      4.16922          1448
      4.17002          1448
      4.17082          1448
      4.17162          1448
      4.17242          1448
      4.17322          1448
      4.17402          1448
      4.17482          1448
      4.17562          1448
      4.17642          1448
      4.17722          1448
      4.17803          1448
      4.17883          1448
      4.17963          1448
      4.18043          1448
      4.18123          1448
      4.18203          1448
      4.18283          1448
      4.18363          1448
      4.18443          1448
      4.18524          1448
      4.18604          1448
      4.18684          1448
      4.18764          1448
      4.18844          1448
      4.18924          1448
      4.19004          1448
      4.19084          1448
      4.19165          1448
      4.19245          1448
      4.19293           860
      4.29143          1448
      4.29223          1448
      4.29303          1448
      4.29383          1448
      4.29464          1448
      4.29544          1448
      4.29624          1448
      4.29704          1448
      4.29784          1448
      4.29864          1448
      4.29944          1448
      4.30024          1448
      4.30105          1448
      4.30185          1448
      4.30265          1448
      4.30345          1448
      4.30425          1448
      4.30505          1448
      4.30585          1448
      4.30665          1448
      4.30745          1448
      4.30825          1448
      4.30906          1448
      4.30986          1448
      4.31066          1448
      4.31146          1448
      4.31226          1448
      4.31306          1448
      4.31386          1448
      4.31391            32
      4.41244          1448
      4.41324          1448
      4.41404          1448
      4.41484          1448
      4.41564          1448
      4.41644          1448
      4.41724          1448
      4.41804          1448
      4.41884          1448
      4.41965          1448
      4.42045          1448
      4.42125          1448
      4.42205          1448
      4.42285          1448
      4.42365          1448
      4.42445          1448
      4.42525          1448
      4.42605          1448
      4.42685          1448
      4.42766          1448
      4.42846          1448
      4.42926          1448
      4.43006          1448
      4.43086          1448
      4.43166          1448
      4.43246          1448
      4.43326          1448
      4.43407          1448
      4.43487          1448
      4.43567          1448
      4.43647          1448
      4.43727          1448
      4.43807          1448
      4.43842           606
      4.53695          1448
      4.53775          1448
      4.53855          1448
      4.53935          1448
      4.54015          1448
      4.54096          1448
      4.54176          1448
      4.54256          1448
      4.54336          1448
      4.54416          1448
      4.54496          1448
      4.54576          1448
      4.54656          1448
      4.54736          1448
      4.54817          1448
      4.54897          1448
      4.54977          1448
      4.55057          1448
      4.55137          1448
      4.55217          1448
      4.55297          1448
      4.55377          1448
      4.55457          1448
      4.55537          1448
      4.55618          1448
      4.55698          1448
      4.55778          1448
      4.55858          1448
      4.55938          1448
      4.56018          1448
      4.56098          1448
      4.56178          1448
      4.56258          1448
      4.56339          1448
      4.56419          1448
      4.56499          1448
      4.56579          1448
      4.56659          1448
      4.56716          1008
      4.66566          1448
      4.66646          1448
      4.66726          1448
      4.66806          1448
      4.66886          1448
      4.66966          1448
      4.67046          1448
      4.67126          1448
      4.67206          1448
      4.67286          1448
      4.67367          1448
      4.67447          1448
      4.67527          1448
      4.67607          1448
      4.67687          1448
      4.67767          1448
      4.67847          1448
      4.67927          1448
      4.68007          1448
      4.68088          1448
      4.68168          1448
      4.68248          1448
      4.68328          1448
      4.68408          1448
      4.68488          1448
      4.68568          1448
      4.68648          1448
      4.68728          1448
      4.68809          1448
      4.68889          1448
      4.68969          1448
      4.69049          1448
      4.69129          1448
      4.69209          1448
      4.69289          1448
      4.69369          1448
      4.69449          1448
      4.69477           456
