Segment_Index Playback_Start Quality_Level
            0        2.19381             0
            1        5.19381             0
            2        8.19382             0
            3        11.1938             0
            4        14.1938             0
            5        17.1938             0
            6        20.1938             0
            7        23.1938             0
            8        26.1938             0
            9        29.1938             0
           10        32.1938             0
           11        35.1938             0
           12        38.1938             0
           13        41.1938             0
           14        44.1938             0
           15        47.1938             0
           16        50.1938             0
           17        53.1938             0
           18        56.1938             0
           19        59.1938             0
           20        62.1938             0
           21        65.1938             0
           22        68.1938             0
           23        71.1938             0
           24        74.1938             0
           25        77.1938             0
           26        80.1938             0
           27        83.1938             0
           28        86.1938             0
           29        89.1938             0
           30        92.1938             0
           31        95.1938             0
           32        98.1938             0
           33        101.194             0
           34        104.194             0
           35        107.194             0
           36        110.194             0
           37        113.194             0
           38        116.194             0
           39        119.194             0
           40        122.194             0
           41        125.194             0
           42        128.194             0
           43        131.194             0
           44        134.194             0
           45        137.194             0
           46        140.194             0
           47        143.194             0
           48        146.194             0
           49        149.194             0
           50        152.194             0
           51        155.194             0
           52        158.194             0
           53        161.194             0
           54        164.194             0
           55        167.194             0
           56        170.194             0
           57        173.194             0
           58        176.194             0
           59        179.194             0
           60        182.194             0
           61        185.194             0
           62        188.194             0
           63        191.194             0
           64        194.194             0
           65        197.194             0
           66        200.194             0
           67        203.194             0
           68        206.194             0
           69        209.194             0
           70        212.194             0
           71        215.194             0
           72        218.194             0
           73        221.194             0
           74        224.194             0
           75        227.194             0
           76        230.194             0
           77        233.194             0
           78        236.194             0
           79        239.194             0
           80        242.194             0
           81        245.194             0
           82        248.194             0
           83        251.194             0
           84        254.194             0
           85        257.194             0
           86        260.194             0
           87        263.194             0
           88        266.194             0
           89        269.194             0
           90        272.194             0
           91        275.194             0
           92        278.194             0
           93        281.194             0
           94        284.194             0
           95        287.194             0
           96        290.194             0
           97        293.194             0
           98        296.194             0
           99        299.194             0
          100        302.194             0
          101        305.194             0
          102        308.194             0
          103        311.194             0
          104        314.194             0
          105        317.194             0
          106        320.194             0
          107        323.194             0
          108        326.194             0
          109        329.194             0
          110        332.194             0
          111        335.194             0
          112        338.194             0
          113        341.194             0
          114        344.194             0
          115        347.194             0
          116        350.194             0
          117        353.194             0
          118        356.194             0
          119        359.194             0
          120        362.194             0
          121        365.194             0
          122        368.194             0
          123        371.194             0
          124        374.194             0
          125        377.194             0
          126        380.194             0
          127        383.194             0
          128        386.194             0
          129        389.194             0
          130        392.194             0
          131        395.194             0
          132        398.194             0
          133        401.194             0
          134        404.194             0
          135        407.194             0
          136        410.194             0
          137        413.194             0
          138        416.194             0
          139        419.194             0
          140        422.194             0
          141        425.194             0
          142        428.194             0
          143        431.194             0
          144        434.194             0
          145        437.194             0
          146        440.194             0
          147        443.194             0
          148        446.194             0
          149        449.194             0
          150        452.194             0
          151        455.194             0
          152        458.194             0
          153        461.194             0
          154        464.194             0
          155        467.194             0
          156        470.194             0
          157        473.194             0
          158        476.194             0
          159        479.194             0
          160        482.194             0
          161        485.194             0
          162        488.194             0
          163        491.194             0
          164        494.194             0
          165        497.194             0
