Segment_Index Download_Request_Sent Download_Start Download_End Segment_Size Download_OK
            0               2.09632        2.19381      2.19381          473           Y
            1               2.19381        2.29357      2.61544       118545           Y
            2               2.61544        2.71524      3.01695       191713           Y
            3               3.01695        3.11674      3.45236       171410           Y
            4               3.45236        3.55211      3.75244       138454           Y
            5               3.75244        3.85223       3.9756       111590           Y
            6                3.9756        4.07539      4.13066        68055           Y
            7               4.13066        4.23041       4.3017        65128           Y
            8                4.3017        4.40764      4.48871        99113           Y
            9               4.48871        4.58846      4.68533        84860           Y
           10               4.68533        4.78508      4.91989       115469           Y
           11               4.91989        5.01968        5.063        53596           Y
           12                 5.063        5.16279      5.23481        88234           Y
           13               5.23481        5.33456      5.37654        52031           Y
           14               5.37654        5.47633      5.52109        55345           Y
           15               5.52109        5.62084      5.71169       110903           Y
           16               5.71169        5.81144      5.85769        57158           Y
           17               5.85769        5.95748      6.06322       128865           Y
           18               6.06322        6.16297      6.26667       126377           Y
           19               6.26667        6.36647      6.45117       103495           Y
           20               6.45117        6.55096      6.76127       154027           Y
           21               6.76127        6.86106      7.50897       253645           Y
           22               7.50897        7.60877      7.84632       187780           Y
           23               7.84632        7.94611       8.0137        82855           Y
           24                8.0137        8.11349      8.26525       158222           Y
           25               8.26525        8.36505      8.49576       145922           Y
           26               8.49576        8.59551      8.71035       136913           Y
           27               8.71035         8.8101       8.8717        75641           Y
           28                8.8717        8.97145      9.04322        87929           Y
           29               9.04322        9.14298      9.35328       156239           Y
           30               9.35328        9.45307      9.78038        96104           Y
           31               9.78038        9.88013      10.1003       105980           Y
           32               10.1003        10.2001      10.4167       129203           Y
           33               10.4167        10.5165      10.5578        51256           Y
           34               10.5578        10.6576      10.6998        52246           Y
           35               10.6998        10.7996      10.8457        56990           Y
           36               10.8457        10.9455      11.0529        87389           Y
           37               11.0529        11.1526      11.1878        43746           Y
           38               11.1878        11.2875      11.3292        51730           Y
           39               11.3292         11.429      11.4847        68483           Y
           40               11.4847        11.5845       11.622        46596           Y
           41                11.622        11.7217      11.8225        98386           Y
           42               11.8225        11.9223      11.9976        92181           Y
           43               11.9976        12.0974      12.1329        44250           Y
           44               12.1329        12.2327      12.2768        54623           Y
           45               12.2768        12.3766      12.4136        46083           Y
           46               12.4136        12.5134      12.5853        88091           Y
           47               12.5853        12.6851      12.7116        33313           Y
           48               12.7116        12.8114      12.8642        65139           Y
           49               12.8642         12.964      13.0029        48391           Y
           50               13.0029        13.1027       13.119        21013           Y
           51                13.119        13.2187      13.2262        10347           Y
           52               13.2262         13.326      13.4169       111046           Y
           53               13.4169        13.5167      13.6521       163142           Y
           54               13.6521        13.7518      13.8454       114195           Y
           55               13.8454        13.9451      14.1653       266745           Y
           56               14.1653        14.2651       14.382       142275           Y
           57                14.382        14.4817      14.6137       160423           Y
           58               14.6137        14.7134      14.8458       160935           Y
           59               14.8458        14.9456      15.0227        94304           Y
           60               15.0227        15.1225      15.1855        77388           Y
           61               15.1855        15.2853      15.4007       140491           Y
           62               15.4007        15.5005      15.5439        53729           Y
           63               15.5439        15.6437       15.718        90873           Y
           64                15.718        15.8177      15.9794       196313           Y
           65               15.9794        16.0792      16.1354        69109           Y
           66               16.1354        16.2352      16.2633        35283           Y
           67               16.2633         16.363      16.4078        55301           Y
           68               16.4078        16.5075       16.534        33371           Y
           69                16.534        16.6338      16.6894        68419           Y
           70               16.6894        16.7892      16.9437       187628           Y
           71               16.9437        17.0435       17.101        70624           Y
           72                17.101        17.2007      17.3013       122618           Y
           73               17.3013         17.401      17.4595        71921           Y
           74               17.4595        17.5593      17.5599         2139           Y
           75               17.5599        17.6597      17.7541       115191           Y
           76               17.7541        17.8539      18.0642       206520           Y
           77               18.0642         18.164      18.3808       128001           Y
           78               18.3808        18.4805      18.6166       111768           Y
           79               18.6166        18.7164      18.9837       241056           Y
           80               18.9837        19.0835      19.2972       199647           Y
           81               19.2972         19.397      19.5765       194483           Y
           82               19.5765        19.6762      19.7879       120136           Y
           83               19.7879        19.8877      19.9565        84402           Y
           84               19.9565        20.0563      20.2208       191028           Y
           85               20.2208        20.3206      20.4115       110984           Y
           86               20.4115        20.5113      20.5581        57809           Y
           87               20.5581        20.6578      20.7236        80705           Y
           88               20.7236        20.8234      20.9478       151355           Y
           89               20.9478        21.0476      21.2313       222869           Y
           90               21.2313        21.3311      21.4017        86515           Y
           91               21.4017        21.5015      21.7118       227646           Y
           92               21.7118        21.8116       22.027       153842           Y
           93                22.027        22.1268       22.344       174853           Y
           94                22.344        22.4438      22.7495       264100           Y
           95               22.7495        22.8492      22.8867        46601           Y
           96               22.8867        22.9865      23.1132       126623           Y
           97               23.1132         23.213      23.4501       243734           Y
           98               23.4501        23.5499      23.6565       112553           Y
           99               23.6565        23.7563      23.8783       132526           Y
          100               23.8783        23.9781      24.0649       105998           Y
          101               24.0649        24.1647      24.2704       117275           Y
          102               24.2704        24.3702      24.4344        78832           Y
          103               24.4344        24.5342      24.6236       109192           Y
          104               24.6236        24.7234      24.8223       113557           Y
          105               24.8223        24.9221      24.9968        91450           Y
          106               24.9968        25.0966      25.1587        76240           Y
          107               25.1587        25.2584       25.403       168415           Y
          108                25.403        25.5028       25.554        63215           Y
          109                25.554        25.6538      25.7361       100573           Y
          110               25.7361        25.8359      25.8662        37854           Y
          111               25.8662        25.9659      26.0275        75617           Y
          112               26.0275        26.1272      26.1365        12628           Y
          113               26.1365        26.2363      26.2445        11335           Y
          114               26.2445        26.3443       26.368        30060           Y
          115                26.368        26.4678      26.4875        25160           Y
          116               26.4875        26.5873      26.6382        62767           Y
          117               26.6382         26.738      26.7806        52787           Y
          118               26.7806        26.8804      26.9874       123096           Y
          119               26.9874        27.0871      27.1494        76483           Y
          120               27.1494        27.2492      27.3296        98346           Y
          121               27.3296        27.4294      27.4687        48815           Y
          122               27.4687        27.5685      27.6458        94568           Y
          123               27.6458        27.7456      27.7783        40894           Y
          124               27.7783        27.8781      28.0677       225524           Y
          125               28.0677        28.1675      28.3212       183811           Y
          126               28.3212        28.4209      28.5883       201622           Y
          127               28.5883        28.6881      28.8115       150125           Y
          128               28.8115        28.9113      28.9945       101722           Y
          129               28.9945        29.0943      29.2354       171454           Y
          130               29.2354        29.3351       29.381        56691           Y
          131                29.381        29.4808      29.5402        73001           Y
          132               29.5402        29.6399      29.7044        79126           Y
          133               29.7044        29.8042      29.8868       101059           Y
          134               29.8868        29.9866       30.025        47696           Y
          135                30.025        30.1248      30.1889        78691           Y
          136               30.1889        30.2886      30.3349        57128           Y
          137               30.3349        30.4347      30.5262       111688           Y
          138               30.5262         30.626      30.6628        45778           Y
          139               30.6628        30.7626       30.816        65758           Y
          140                30.816        30.9157      30.9495        42116           Y
          141               30.9495        31.0493      31.0904        50933           Y
          142               31.0904        31.1902      31.2912       123114           Y
          143               31.2912         31.391      31.4778       106016           Y
          144               31.4778        31.5776      31.7879       172004           Y
          145               31.7879        31.8877      32.1116        88695           Y
          146               32.1116        32.2113      32.3362        59069           Y
          147               32.3362        32.4359      32.5606        92379           Y
          148               32.5606        32.6604      32.7913       114297           Y
          149               32.7913        32.8911       32.916        31389           Y
          150                32.916        33.0157      33.0909        91959           Y
          151               33.0909        33.1907       33.234        53578           Y
          152                33.234        33.3338      33.3685        43259           Y
          153               33.3685        33.4683      33.5384        85959           Y
          154               33.5384        33.6382       33.686        59090           Y
          155                33.686        33.7858      33.8288        53229           Y
          156               33.8288        33.9285      33.9712        52859           Y
          157               33.9712         34.071      34.1329        76025           Y
          158               34.1329        34.2326      34.4429       171982           Y
          159               34.4429        34.5427      34.6536        38034           Y
          160               34.6536        34.7534      34.9633        92296           Y
          161               34.9633        35.0631      35.2894       137906           Y
          162               35.2894        35.4361       35.612       127956           Y
          163                35.612        35.7117      35.8423       115395           Y
          164               35.8423        35.9421       36.044        88068           Y
          165                36.044        36.1438      36.2062        76649           Y
          166               36.2062         36.306      36.4566       156924           Y
          167               36.4566        36.5564      36.6139        70770           Y
          168               36.6139        36.7137      36.8707       174766           Y
          169               36.8707        36.9705      37.1213       173098           Y
          170               37.1213        37.2211      37.3342       131847           Y
          171               37.3342         37.434        37.51        93049           Y
          172                 37.51        37.6098      37.6641        66822           Y
          173               37.6641        37.7638      37.8273        77903           Y
          174               37.8273        37.9271       38.005        95407           Y
          175                38.005        38.1048      38.1295        31140           Y
          176               38.1295        38.2293      38.2589        37170           Y
          177               38.2589        38.3587      38.4096        58430           Y
          178               38.4096        38.5094      38.5492        49330           Y
          179               38.5492        38.6489      38.6641        19735           Y
          180               38.6641        38.7639      38.7861        28185           Y
          181               38.7861        38.8859      38.9122        18638           Y
          182               38.9122        39.0124      39.0646        28093           Y
          183               39.0646        39.1644      39.1837        24702           Y
          184               39.1837        39.2835      39.3054        27754           Y
          185               39.3054        39.4051      39.4154        13807           Y
          186               39.4154        39.5152      39.5331        22980           Y
          187               39.5331        39.6329      39.6876        67319           Y
          188               39.6876        39.7873       39.816        36057           Y
          189                39.816        39.9158      40.1261       211946           Y
          190               40.1261        40.2259      40.4439       138156           Y
          191               40.4439        40.5437      40.6869       121826           Y
          192               40.6869        40.7866       41.002       176916           Y
          193                41.002        41.1017      41.2343       126444           Y
          194               41.2343        41.3544      41.5297       141474           Y
          195               41.5297        41.6295      41.7711       151853           Y
          196               41.7711        41.8708       41.934        77550           Y
          197                41.934        42.0338       42.091        70349           Y
          198                42.091        42.1908      42.2726       100017           Y
          199               42.2726        42.3724      42.4259        65972           Y
          200               42.4259        42.5257      42.5557        37519           Y
          201               42.5557        42.6555      42.7209        80289           Y
          202               42.7209        42.8207       42.879        71689           Y
          203                42.879        42.9788      43.0124        41936           Y
          204               43.0124        43.1122      43.1535        51192           Y
          205               43.1535        43.2533      43.2863        41185           Y
          206               43.2863         43.386      43.4167        38367           Y
          207               43.4167        43.5164      43.5652        60179           Y
          208               43.5652         43.665      43.6929        35082           Y
          209               43.6929        43.7927      43.8213        35913           Y
          210               43.8213         43.921      43.9287        10682           Y
          211               43.9287        44.0285      44.0585        37638           Y
          212               44.0585        44.1583      44.2054        58097           Y
          213               44.2054          44.31      44.4139        51426           Y
          214               44.4139        44.5137      44.5368        29143           Y
          215               44.5368        44.6365      44.7129        93443           Y
          216               44.7129        44.8126      44.9092       117790           Y
          217               44.9092         45.009      45.0891        97989           Y
          218               45.0891        45.1889      45.1898         2577           Y
          219               45.1898        45.2896      45.3031        17654           Y
          220               45.3031        45.4029      45.4251        28164           Y
