Segment_Index Download_Request_Sent Download_Start Download_End Segment_Size Download_OK
            0               2.09619        2.19474      2.19569         3128           Y
            1               2.19569        2.29494      2.42142        44788           Y
            2               2.42142        2.51996      2.63096        83412           Y
            3               2.63096        2.72969      2.83042        92274           Y
            4               2.83042        2.92895      2.96359        56210           Y
            5               2.96359        3.06209      3.09257        56494           Y
            6               3.09257         3.1911      3.21447        43658           Y
            7               3.21447        3.31297      3.33022        32596           Y
            8               3.33022        3.42872      3.46458        41642           Y
            9               3.46458        3.56308      3.58063        33180           Y
           10               3.58063        3.67954      3.71364        38444           Y
           11               3.71364        3.81213      3.82983        33376           Y
           12               3.82983        3.92913      3.95617        32942           Y
           13               3.95617        4.05467      4.06617        22196           Y
           14               4.06617         4.1647      4.17814        25740           Y
           15               4.17814        4.27667      4.30039        44300           Y
           16               4.30039        4.39931      4.43978        42024           Y
           17               4.43978        4.53904      4.59146        48390           Y
           18               4.59146        4.68999      4.73621        56032           Y
           19               4.73621        4.83471      4.86382        54032           Y
           20               32.1957        32.2942      32.3557       112556           Y
           21               35.1957        35.2942      35.5289       204056           Y
           22               38.1957        38.2942      39.0181       170788           Y
           23               41.1957        41.2942      41.4216       142026           Y
           24               44.1957        44.2942      44.3569       114824           Y
           25               47.1957        47.2942      47.3515       104946           Y
           26               50.1957        50.2942      50.5008       288064           Y
           27               53.1957        53.2942      53.5613       280296           Y
           28               56.1957        56.2942      56.5008       259990           Y
           29               59.1957        59.2942      59.6218       260812           Y
           30               62.1957        62.2942      62.3967       180962           Y
           31               65.1957        65.2942      65.5008       219144           Y
           32               68.1957        68.2942      69.0423       544846           Y
           33               71.1957        71.2942      71.4529       282550           Y
           34               74.1957        74.2942      74.5986       429728           Y
           35               77.1957        77.2942      77.4445       231128           Y
           36               80.1957        80.2942      80.4528       288106           Y
           37               83.1957        83.2942      83.5008       259568           Y
           38               86.1957        86.2942      86.7895       529286           Y
           39               89.1957        89.2942      89.5986       515898           Y
           40               92.1957        92.2942      92.6794       660316           Y
           41               95.1957        95.2942      95.6638       669498           Y
           42               98.1957        98.2942      98.6995       717700           Y
           43               101.196        101.294      101.709       643228           Y
           44               104.196        104.294      104.818       769760           Y
           45               107.196        107.294       107.91       998702           Y
           46               110.196        110.294      110.949      1138672           Y
           47               113.196        113.294      113.939      1103682           Y
           48               116.196        116.294      117.179      1441186           Y
           49               119.196        119.294      119.946      1162574           Y
           50               122.196        122.294      122.681       701398           Y
           51               125.196        125.294      125.441       267270           Y
           52               128.196        128.294      129.378      1911638           Y
           53               131.196        131.294      133.691      3809514           Y
           54               134.196        134.294      135.985      2908998           Y
           55               137.196        137.294      139.737      4124046           Y
           56               140.196        140.294      142.491      3757420           Y
           57               143.196        143.294      145.556      3646514           Y
           58               146.196        146.294      148.029      2863936           Y
           59               149.196        149.294      150.173      1413148           Y
           60               152.196        152.294      154.103      2735758           Y
           61               155.196        155.294      157.502      3605436           Y
           62               158.196        158.294      159.414      1927798           Y
           63               161.196        161.294      162.309      1810158           Y
           64               164.196        164.294      165.688      2468234           Y
           65               167.196        167.294      168.324      1644128           Y
           66               170.196        170.294      171.122      1283582           Y
           67               173.196        173.294      173.691       645554           Y
           68               176.196        176.294      176.568       476182           Y
           69               179.196        179.294       180.98      2849792           Y
           70               182.196        182.294      184.211      3157680           Y
           71               185.196        185.294      186.272      1655086           Y
           72               188.196        188.294      189.804      2422030           Y
           73               191.196        191.294      191.822       865194           Y
           74               194.196        194.294      194.305        21740           Y
           75               197.196        197.294      198.263      1672964           Y
           76               200.196        200.294      202.379      3429076           Y
           77               203.196        203.294      205.481      3619938           Y
           78               206.196        206.294      208.337      3495936           Y
           79               209.196        209.294      211.564      3793936           Y
           80               212.196        212.294      214.607      3642068           Y
           81               215.196        215.294      216.836      2613222           Y
           82               218.196        218.294      219.691      2477740           Y
           83               221.196        221.294      223.014      2844468           Y
           84               224.196        224.294      225.646      2238952           Y
           85               227.196        227.294       228.39      1856964           Y
           86               230.196        230.294      231.575      2104104           Y
           87               233.196        233.294      234.921      2565686           Y
           88               236.196        236.294      238.123      3164702           Y
           89               239.196        239.294      241.684      4017534           Y
           90               242.196        242.294      243.985      2964310           Y
           91               245.196        245.294      248.227      4405610           Y
           92               248.227        248.325        250.2      3078792           Y
           93               251.196        251.294      252.813      2660794           Y
           94               254.196        254.294      257.117      4577932           Y
           95               257.196        257.294      259.981      4534484           Y
           96               260.196        260.294       262.09      3121956           Y
           97               263.196        263.294      265.492      3711576           Y
           98               266.196        266.294      267.625      2113830           Y
           99               269.196        269.294      271.202      3165496           Y
          100               272.196        272.294      274.654      3884196           Y
          101               275.196        275.294      276.792      2339512           Y
          102               278.196        278.294      280.199      3131786           Y
          103               281.196        281.294      282.207      1552708           Y
          104               284.196        284.294      285.244      1649486           Y
          105               287.196        287.294      288.422      1928648           Y
          106               290.196        290.294      291.987      2664290           Y
          107               293.196        293.294       294.82      2382926           Y
          108               296.196        296.294      297.907      2641274           Y
