Segment_Index Download_Request_Sent Download_Start Download_End Segment_Size Download_OK
            0               2.09632        2.19386      2.19386          473           Y
            1               2.19386        2.29361      2.60948       118545           Y
            2               2.60948        2.70928      2.98206       191713           Y
            3               2.98206        3.08186      3.41445       171410           Y
            4               3.41445        3.51492      3.70793       138454           Y
            5               3.70793        3.80773       3.9267       111590           Y
            6                3.9267         4.0265      4.08177        68055           Y
            7               4.08177        4.18152      4.24037        65128           Y
            8               4.24037        4.34012      4.43964        99113           Y
            9               4.43964        4.53939      4.60862        84860           Y
           10               4.60862        4.70837      4.83792       115469           Y
           11               4.83792        4.93801      5.00348        53596           Y
           12               5.00348        5.10441      5.19891        88234           Y
           13               5.19891        5.29866      5.34064        52031           Y
           14               5.34064        5.44043      5.48519        55345           Y
           15               5.48519        5.58494      5.67579       110903           Y
           16               5.67579        5.77554      5.82179        57158           Y
           17               5.82179        5.92159      6.02732       128865           Y
           18               6.02732        6.12707      6.23077       126377           Y
           19               6.23077        6.33057      6.41527       103495           Y
           20               6.41527        6.51507      6.72537       154027           Y
           21               6.72537        6.82516      7.47307       253645           Y
           22               7.47307        7.57287      7.81042       187780           Y
           23               7.81042        7.91021       7.9778        82855           Y
           24                7.9778         8.0776      8.22935       158222           Y
           25               8.22935        8.32915      8.45986       145922           Y
           26               8.45986        8.55961      8.67445       136913           Y
           27               8.67445         8.7742       8.8358        75641           Y
           28                8.8358        8.93555      9.00733        87929           Y
           29               9.00733        9.10708      9.31738       156239           Y
           30               9.31738        9.41717      9.74448        96104           Y
           31               9.74448        9.84423      10.0644       105980           Y
           32               10.0644        10.1642      10.3808       129203           Y
           33               10.3808        10.4806      10.5219        51256           Y
           34               10.5219        10.6217      10.6639        52246           Y
           35               10.6639        10.7637      10.8098        56990           Y
           36               10.8098        10.9096       11.017        87389           Y
           37                11.017        11.1167      11.1519        43746           Y
           38               11.1519        11.2516      11.2933        51730           Y
           39               11.2933        11.3931      11.4488        68483           Y
           40               11.4488        11.5486      11.5861        46596           Y
           41               11.5861        11.6858      11.7866        98386           Y
           42               11.7866        11.8864      11.9617        92181           Y
           43               11.9617        12.0615       12.097        44250           Y
           44                12.097        12.1968      12.2409        54623           Y
           45               12.2409        12.3407      12.3777        46083           Y
           46               12.3777        12.4775      12.5494        88091           Y
           47               12.5494        12.6492      12.6757        33313           Y
           48               12.6757        12.7755      12.8283        65139           Y
           49               12.8283        12.9281      12.9671        48391           Y
           50               12.9671        13.0668      13.0831        21013           Y
           51               13.0831        13.1828      13.1903        10347           Y
           52               13.1903        13.2901       13.381       111046           Y
           53                13.381        13.4808      13.6162       163142           Y
           54               13.6162        13.7159      13.8095       114195           Y
           55               13.8095        13.9092      14.1294       266745           Y
           56               14.1294        14.2292      14.3461       142275           Y
           57               14.3461        14.4458      14.5778       160423           Y
           58               14.5778        14.6775      14.8099       160935           Y
           59               14.8099        14.9097      14.9868        94304           Y
           60               14.9868        15.0866      15.1496        77388           Y
           61               15.1496        15.2494      15.3648       140491           Y
           62               15.3648        15.4646       15.508        53729           Y
           63                15.508        15.6078      15.6821        90873           Y
           64               15.6821        15.7818      15.9435       196313           Y
           65               15.9435        16.0433      16.0995        69109           Y
           66               16.0995        16.1993      16.2274        35283           Y
           67               16.2274        16.3271      16.3719        55301           Y
           68               16.3719        16.4716      16.4981        33371           Y
           69               16.4981        16.5979      16.6535        68419           Y
           70               16.6535        16.7533      16.9078       187628           Y
           71               16.9078        17.0076      17.0651        70624           Y
           72               17.0651        17.1648      17.2654       122618           Y
           73               17.2654        17.3651      17.4236        71921           Y
           74               17.4236        17.5234       17.524         2139           Y
           75                17.524        17.6238      17.7182       115191           Y
           76               17.7182         17.818      18.0283       206520           Y
           77               18.0283        18.1281      18.3449       128001           Y
           78               18.3449        18.4446      18.5807       111768           Y
           79               18.5807        18.6805      18.9478       241056           Y
           80               18.9478        19.0476      19.2613       199647           Y
           81               19.2613        19.3611      19.5406       194483           Y
           82               19.5406        19.6403       19.752       120136           Y
           83                19.752        19.8518      19.9206        84402           Y
           84               19.9206        20.0204      20.1849       191028           Y
           85               20.1849        20.2847      20.3756       110984           Y
           86               20.3756        20.4754      20.5222        57809           Y
           87               20.5222        20.6219      20.6877        80705           Y
           88               20.6877        20.7875      20.9119       151355           Y
           89               20.9119        21.0117      21.1954       222869           Y
           90               21.1954        21.2952      21.3658        86515           Y
           91               21.3658        21.4656      21.6759       227646           Y
           92               21.6759        21.7757      21.9911       153842           Y
           93               21.9911        22.0909      22.3081       174853           Y
           94               22.3081        22.4079      22.7136       264100           Y
           95               22.7136        22.8133      22.8508        46601           Y
           96               22.8508        22.9506      23.0773       126623           Y
           97               23.0773        23.1771      23.4142       243734           Y
           98               23.4142         23.514      23.6206       112553           Y
           99               23.6206        23.7204      23.8424       132526           Y
          100               23.8424        23.9422       24.029       105998           Y
          101                24.029        24.1288      24.2345       117275           Y
          102               24.2345        24.3343      24.3985        78832           Y
          103               24.3985        24.4983      24.5877       109192           Y
          104               24.5877        24.6875      24.7864       113557           Y
          105               24.7864        24.8862      24.9609        91450           Y
          106               24.9609        25.0607      25.1228        76240           Y
          107               25.1228        25.2225      25.3671       168415           Y
          108               25.3671        25.4669      25.5181        63215           Y
          109               25.5181        25.6179      25.7002       100573           Y
          110               25.7002           25.8      25.8303        37854           Y
          111               25.8303          25.93      25.9916        75617           Y
          112               25.9916        26.0913      26.1006        12628           Y
          113               26.1006        26.2004      26.2086        11335           Y
          114               26.2086        26.3084      26.3321        30060           Y
          115               26.3321        26.4319      26.4516        25160           Y
          116               26.4516        26.5514      26.6023        62767           Y
          117               26.6023        26.7021      26.7447        52787           Y
          118               26.7447        26.8445      26.9515       123096           Y
          119               26.9515        27.0512      27.1135        76483           Y
          120               27.1135        27.2133      27.2937        98346           Y
          121               27.2937        27.3935      27.4328        48815           Y
          122               27.4328        27.5326      27.6099        94568           Y
          123               27.6099        27.7097      27.7425        40894           Y
          124               27.7425        27.8422      28.0318       225524           Y
          125               28.0318        28.1316      28.2853       183811           Y
          126               28.2853         28.385      28.5524       201622           Y
          127               28.5524        28.6522      28.7756       150125           Y
          128               28.7756        28.8754      28.9586       101722           Y
          129               28.9586        29.0584      29.1995       171454           Y
          130               29.1995        29.2992      29.3451        56691           Y
          131               29.3451        29.4449      29.5043        73001           Y
          132               29.5043         29.604      29.6685        79126           Y
          133               29.6685        29.7683      29.8509       101059           Y
          134               29.8509        29.9507      29.9891        47696           Y
          135               29.9891        30.0889       30.153        78691           Y
          136                30.153        30.2527       30.299        57128           Y
          137                30.299        30.3988      30.4903       111688           Y
          138               30.4903        30.5901      30.6269        45778           Y
          139               30.6269        30.7267      30.7801        65758           Y
          140               30.7801        30.8799      30.9136        42116           Y
          141               30.9136        31.0134      31.0545        50933           Y
          142               31.0545        31.1543      31.2553       123114           Y
          143               31.2553        31.3551      31.4419       106016           Y
          144               31.4419        31.5417       31.752       172004           Y
          145                31.752        31.8518      32.0757        88695           Y
          146               32.0757        32.1754      32.2822        59069           Y
          147               32.2822        32.3826      32.5142        92379           Y
          148               32.5142         32.614      32.7449       114297           Y
          149               32.7449        32.8447      32.8695        31389           Y
          150               32.8695        32.9693      33.0445        91959           Y
          151               33.0445        33.1443      33.1876        53578           Y
          152               33.1876        33.2874      33.3221        43259           Y
          153               33.3221        33.4218       33.492        85959           Y
          154                33.492        33.5918      33.6396        59090           Y
          155               33.6396        33.7394      33.7824        53229           Y
          156               33.7824        33.8821      33.9248        52859           Y
          157               33.9248        34.0245      34.0865        76025           Y
          158               34.0865        34.1862      34.3965       171982           Y
          159               34.3965        34.4963      34.6072        38034           Y
          160               34.6072        34.7069      34.9169        92296           Y
          161               34.9169        35.0167      35.2429       137906           Y
          162               35.2429         35.343      35.5704       127956           Y
          163               35.5704        35.6702       35.802       115395           Y
          164                35.802        35.9018      36.0037        88068           Y
          165               36.0037        36.1035      36.1659        76649           Y
          166               36.1659        36.2656      36.4163       156924           Y
          167               36.4163        36.5161      36.5736        70770           Y
          168               36.5736        36.6733      36.8304       174766           Y
          169               36.8304        36.9302       37.081       173098           Y
          170                37.081        37.1808      37.2939       131847           Y
          171               37.2939        37.3937      37.4697        93049           Y
          172               37.4697        37.5695      37.6238        66822           Y
          173               37.6238        37.7235       37.787        77903           Y
          174                37.787        37.8867      37.9647        95407           Y
          175               37.9647        38.0645      38.0892        31140           Y
          176               38.0892         38.189      38.2186        37170           Y
          177               38.2186        38.3189      38.3843        58430           Y
          178               38.3843         38.484      38.5502        49330           Y
          179               38.5502          38.65      38.6652        19735           Y
          180               38.6652        38.7649      38.7872        28185           Y
          181               38.7872         38.887      38.9012        18638           Y
          182               38.9012         39.001      39.0231        28093           Y
          183               39.0231        39.1229      39.1422        24702           Y
          184               39.1422         39.242      39.2639        27754           Y
          185               39.2639        39.3637       39.374        13807           Y
          186                39.374        39.4738      39.4916        22980           Y
          187               39.4916        39.5914      39.6461        67319           Y
          188               39.6461        39.7459      39.7746        36057           Y
          189               39.7746        39.8743      40.0846       211946           Y
          190               40.0846        40.1844      40.4024       138156           Y
          191               40.4024        40.5022      40.6454       121826           Y
          192               40.6454        40.7452      40.9605       176916           Y
          193               40.9605        41.0603      41.1929       126444           Y
          194               41.1929        41.2927      41.5256       141474           Y
          195               41.5256        41.6254       41.767       151853           Y
          196                41.767        41.8667      41.9299        77550           Y
          197               41.9299        42.0297      42.0869        70349           Y
          198               42.0869        42.1867      42.2685       100017           Y
          199               42.2685        42.3683      42.4218        65972           Y
          200               42.4218        42.5216      42.5516        37519           Y
          201               42.5516        42.6514      42.7168        80289           Y
          202               42.7168        42.8166      42.8749        71689           Y
          203               42.8749        42.9747      43.0083        41936           Y
          204               43.0083        43.1081      43.1494        51192           Y
          205               43.1494        43.2492      43.2822        41185           Y
          206               43.2822        43.3819      43.4126        38367           Y
          207               43.4126        43.5123      43.5611        60179           Y
          208               43.5611        43.6609      43.6888        35082           Y
          209               43.6888        43.7886      43.8172        35913           Y
          210               43.8172        43.9169      43.9246        10682           Y
          211               43.9246        44.0244      44.0544        37638           Y
          212               44.0544        44.1542      44.2013        58097           Y
          213               44.2013         44.301      44.3425        51426           Y
          214               44.3425        44.4423      44.4653        29143           Y
          215               44.4653        44.5651      44.6522        93443           Y
          216               44.6522         44.752      44.8702       117790           Y
          217               44.8702          44.97      45.0517        97989           Y
          218               45.0517        45.1515      45.1524         2577           Y
          219               45.1524        45.2522      45.2657        17654           Y
          220               45.2657        45.3655      45.3877        28164           Y
