Segment_Index Rep_Level Decision_Point_Of_Time Case DelayCase
            0         0                2.09619    0         0
            1         0                2.19569    1         0
            2         0                2.42142    1         0
            3         0                2.63096    1         0
            4         0                2.83042    1         0
            5         0                2.96359    1         0
            6         0                3.09257    1         0
            7         0                3.21447    1         0
            8         0                3.33022    1         0
            9         0                3.46458    1         0
           10         0                3.58063    1         0
           11         0                3.71364    1         0
           12         0                3.82983    1         0
           13         0                3.95617    1         0
           14         0                4.06617    1         0
           15         0                4.17814    1         0
           16         0                4.30039    1         0
           17         0                4.43978    1         0
           18         0                4.59146    1         0
           19         0                4.73621    1         0
           20         1                4.86382    1         1
           21         1                32.3557    3         1
           22         1                35.5289    3         1
           23         1                39.0181    3         1
           24         1                41.4216    3         1
           25         1                44.3569    3         1
           26         2                47.3515    1         1
           27         2                50.5008    3         1
           28         2                53.5613    3         1
           29         2                56.5008    3         1
           30         2                59.6218    3         1
           31         2                62.3967    3         1
           32         3                65.5008    1         1
           33         3                69.0423    3         1
           34         3                71.4529    3         1
           35         3                74.5986    3         1
           36         3                77.4445    3         1
           37         3                80.4528    3         1
           38         4                83.5008    1         1
           39         4                86.7895    3         1
           40         4                89.5986    3         1
           41         4                92.6794    3         1
           42         4                95.6638    3         1
           43         4                98.6995    3         1
           44         5                101.709    1         1
           45         5                104.818    3         1
           46         5                 107.91    3         1
           47         5                110.949    3         1
           48         5                113.939    3         1
           49         5                117.179    3         1
           50         5                119.946    3         1
           51         5                122.681    3         1
           52         5                125.441    3         1
           53         5                129.378    3         1
           54         5                133.691    3         1
           55         5                135.985    3         1
           56         5                139.737    3         1
           57         5                142.491    3         1
           58         5                145.556    3         1
           59         5                148.029    3         1
           60         5                150.173    3         1
           61         5                154.103    3         1
           62         5                157.502    3         1
           63         5                159.414    3         1
           64         5                162.309    3         1
           65         5                165.688    3         1
           66         5                168.324    3         1
           67         5                171.122    3         1
           68         5                173.691    3         1
           69         5                176.568    3         1
           70         5                 180.98    3         1
           71         5                184.211    3         1
           72         5                186.272    3         1
           73         5                189.804    3         1
           74         5                191.822    3         1
           75         5                194.305    3         1
           76         5                198.263    3         1
           77         5                202.379    3         1
           78         5                205.481    3         1
           79         5                208.337    3         1
           80         5                211.564    3         1
           81         5                214.607    3         1
           82         5                216.836    3         1
           83         5                219.691    3         1
           84         5                223.014    3         1
           85         5                225.646    3         1
           86         5                 228.39    3         1
           87         5                231.575    3         1
           88         5                234.921    3         1
           89         5                238.123    3         1
           90         5                241.684    3         1
           91         5                243.985    3         1
           92         5                248.227    3         0
           93         5                  250.2    3         1
           94         5                252.813    3         1
           95         6                257.117    1         1
           96         5                259.981    1         1
           97         5                 262.09    3         1
           98         5                265.492    3         1
           99         5                267.625    3         1
          100         5                271.202    3         1
          101         5                274.654    3         1
          102         6                276.792    1         1
          103         5                280.199    1         1
          104         5                282.207    3         1
          105         5                285.244    3         1
          106         5                288.422    3         1
          107         5                291.987    3         1
          108         5                 294.82    3         1
          109         6                297.907    1         1
