Segment_Index Rep_Level Decision_Point_Of_Time Case DelayCase
            0         0                2.09619    0         0
            1         0                2.19569    1         0
            2         0                2.40785    1         0
            3         0                2.61655    1         0
            4         0                2.76533    1         0
            5         0                2.89416    1         0
            6         0                3.02314    1         0
            7         0                3.14505    1         0
            8         0                3.26079    1         0
            9         0                3.38153    1         0
           10         0                3.49759    1         0
           11         0                3.61657    1         0
           12         0                3.73276    1         0
           13         0                3.84872    1         0
           14         0                3.95871    1         0
           15         0                4.07069    1         0
           16         0                4.19293    1         0
           17         0                4.31391    1         0
           18         0                4.43842    1         0
           19         0                4.56716    1         0
           20         1                4.69477    1         1
