Segment_Index Playback_Start Quality_Level
            0        2.19324             0
            1        5.19324             0
            2        8.19324             0
            3        11.1932             0
            4        14.1932             0
            5        17.1932             0
            6        20.1932             0
            7        23.1932             0
            8        26.1932             0
            9        29.1932             0
           10        32.1932             0
           11        35.1932             0
           12        38.1932             0
           13        41.1932             0
           14        44.1932             0
           15        47.1932             0
           16        50.1932             0
           17        53.1932             0
           18        56.1932             0
           19        59.1932             0
