Segment_Index Download_Request_Sent Download_Start Download_End Segment_Size Download_OK
            0               2.09622        2.19324      2.19324          473           Y
            1               2.19324        2.29174      2.59832       118545           Y
            2               2.59832        2.69685      2.94256       191713           Y
            3               2.94256        3.04109       3.5546       171410           Y
            4                3.5546         3.6531      3.78815       138454           Y
            5               3.78815        3.88667      3.99486       111590           Y
            6               3.99486        4.09338      4.13023        68055           Y
            7               4.13023        4.22873      4.26396        65128           Y
            8               4.26396        4.36246      4.43493        99113           Y
            9               4.43493        4.53343      4.60637        84860           Y
           10               4.60637        4.70521      4.78408       115469           Y
           11               4.78408        4.88261      4.91149        53596           Y
           12               4.91149        5.01001      5.05803        88234           Y
           13               5.05803        5.15653      5.18451        52031           Y
           14               5.18451        5.28304      5.31288        55345           Y
           15               5.31288        5.41138      5.47195       110903           Y
           16               5.47195        5.57045      5.60128        57158           Y
           17               5.60128        5.69981       5.7703       128865           Y
           18                5.7703         5.8688      5.93794       126377           Y
           19               5.93794        6.03646      6.09293       103495           Y
           20               6.09293        6.19146      6.27589       154027           Y
           21               6.27589        6.37439      6.58104       253645           Y
           22               6.58104        6.67957      6.99642       187780           Y
           23               6.99642        7.09495      7.20085        82855           Y
           24               7.20085        7.29938      7.44056       158222           Y
           25               7.44056        7.53909      7.66464       145922           Y
           26               7.66464        7.76314      7.87651       136913           Y
           27               7.87651        7.97501      8.01607        75641           Y
           28               8.01607        8.11457      8.16242        87929           Y
           29               8.16242        8.26093      8.37295       156239           Y
           30               8.37295        8.47148      8.52387        96104           Y
           31               8.52387        8.62237      8.68022       105980           Y
           32               8.68022        8.77875      8.84945       129203           Y
           33               8.84945        8.94798      8.97555        51256           Y
           34               8.97555        9.07408      9.10221        52246           Y
           35               9.10221        9.20071      9.23145        56990           Y
           36               9.23145        9.32998      9.37754        87389           Y
           37               9.37754        9.47604      9.49947        43746           Y
           38               9.49947        9.59796      9.62579        51730           Y
           39               9.62579        9.72432      9.76142        68483           Y
           40               9.76142        9.85995      9.88495        46596           Y
           41               9.88495        9.98345      10.0371        98386           Y
           42               10.0371        10.1356      10.1858        92181           Y
           43               10.1858        10.2843       10.308        44250           Y
           44                10.308        10.4065       10.436        54623           Y
           45                10.436        10.5345      10.5592        46083           Y
           46               10.5592        10.6577      10.7056        88091           Y
           47               10.7056        10.8041      10.8218        33313           Y
           48               10.8218        10.9203      10.9556        65139           Y
           49               10.9556        11.0541      11.0801        48391           Y
           50               11.0801        11.1786      11.1894        21013           Y
           51               11.1894        11.2879      11.2929        10347           Y
           52               11.2929        11.3914       11.452       111046           Y
           53                11.452        11.5505        11.64       163142           Y
           54                 11.64        11.7385      11.8009       114195           Y
           55               11.8009        11.8994       12.106       266745           Y
           56                12.106        12.2046      12.4202       142275           Y
           57               12.4202        12.5187      12.7219       160423           Y
           58               12.7219        12.8204      12.9591       160935           Y
           59               12.9591        13.0576       13.109        94304           Y
           60                13.109        13.2075      13.2496        77388           Y
           61               13.2496        13.3481      13.4595       140491           Y
           62               13.4595         13.558      13.5869        53729           Y
           63               13.5869        13.6855      13.7349        90873           Y
           64               13.7349        13.8334      13.9636       196313           Y
           65               13.9636        14.0622      14.0996        69109           Y
           66               14.0996        14.1981      14.2169        35283           Y
           67               14.2169        14.3154      14.3452        55301           Y
           68               14.3452        14.4437      14.4614        33371           Y
           69               14.4614        14.5599       14.597        68419           Y
           70                14.597        14.6955      14.8057       187628           Y
           71               14.8057        14.9042      14.9425        70624           Y
           72               14.9425         15.041       15.108       122618           Y
           73                15.108        15.2065      15.2455        71921           Y
           74               15.2455        15.3441      15.3445         2139           Y
           75               15.3445         15.443      15.5059       115191           Y
           76               15.5059        15.6045      15.7179       206520           Y
           77               15.7179        15.8164      15.8864       128001           Y
           78               15.8864        15.9849       16.046       111768           Y
           79                16.046        16.1445      16.3512       241056           Y
           80               16.3512        16.4497      16.8588       199647           Y
           81               16.8588        16.9573      17.1898       194483           Y
           82               17.1898        17.2883      17.4084       120136           Y
           83               17.4084        17.5069      17.5528        84402           Y
           84               17.5528        17.6513      17.8018       191028           Y
           85               17.8018        17.9004      18.0002       110984           Y
           86               18.0002        18.0987      18.1299        57809           Y
           87               18.1299        18.2284      18.2722        80705           Y
           88               18.2722        18.3708      18.4849       151355           Y
           89               18.4849        18.5834      18.7331       222869           Y
           90               18.7331        18.8316      18.8787        86515           Y
           91               18.8787        18.9772      19.1232       227646           Y
           92               19.1232        19.2217      19.3236       153842           Y
           93               19.3236        19.4221      19.5332       174853           Y
           94               19.5332        19.6317      19.7906       264100           Y
           95               19.7906        19.8891      19.9141        46601           Y
           96               19.9141        20.0126      20.0819       126623           Y
           97               20.0819        20.1804      20.3233       243734           Y
           98               20.3233        20.4218      20.4832       112553           Y
           99               20.4832        20.5818      20.6543       132526           Y
          100               20.6543        20.7528      20.8107       105998           Y
          101               20.8107        20.9092      20.9733       117275           Y
          102               20.9733        21.0718      21.1146        78832           Y
          103               21.1146        21.2131      21.2727       109192           Y
          104               21.2727        21.3713      21.4333       113557           Y
          105               21.4333        21.5318      21.5816        91450           Y
          106               21.5816        21.6802      21.7215        76240           Y
          107               21.7215          21.82      21.9124       168415           Y
          108               21.9124        22.0109      22.0451        63215           Y
          109               22.0451        22.1436      22.1985       100573           Y
          110               22.1985         22.297      22.3172        37854           Y
          111               22.3172        22.4157      22.4567        75617           Y
          112               22.4567        22.5552      22.5614        12628           Y
          113               22.5614        22.6599      22.6654        11335           Y
          114               22.6654        22.7639      22.7798        30060           Y
          115               22.7798        22.8783      22.8914        25160           Y
          116               22.8914        22.9899      23.0239        62767           Y
          117               23.0239        23.1224      23.1508        52787           Y
          118               23.1508        23.2493      23.3167       123096           Y
          119               23.3167        23.4152      23.4567        76483           Y
          120               23.4567        23.5552      23.6088        98346           Y
          121               23.6088        23.7073      23.7335        48815           Y
          122               23.7335        23.8321      23.8836        94568           Y
          123               23.8836        23.9821       24.004        40894           Y
          124                24.004        24.1025      24.2296       225524           Y
          125               24.2296        24.3281      24.4322       183811           Y
          126               24.4322        24.5307      24.6438       201622           Y
          127               24.6438        24.7423      24.8246       150125           Y
          128               24.8246        24.9231      24.9786       101722           Y
          129               24.9786        25.0771      25.1712       171454           Y
          130               25.1712        25.2697      25.3003        56691           Y
          131               25.3003        25.3988      25.4384        73001           Y
          132               25.4384        25.5369      25.5799        79126           Y
          133               25.5799        25.6784      25.7335       101059           Y
          134               25.7335         25.832      25.8576        47696           Y
          135               25.8576        25.9561      25.9989        78691           Y
          136               25.9989        26.0974      26.1282        57128           Y
          137               26.1282        26.2267      26.2877       111688           Y
          138               26.2877        26.3863      26.4108        45778           Y
          139               26.4108        26.5093      26.5449        65758           Y
          140               26.5449        26.6435       26.666        42116           Y
          141                26.666        26.7645      26.7919        50933           Y
          142               26.7919        26.8904      26.9578       123114           Y
          143               26.9578        27.0563      27.1142       106016           Y
          144               27.1142        27.2127      27.3071       172004           Y
          145               27.3071        27.4056      27.4539        88695           Y
          146               27.4539        27.5524      27.5843        59069           Y
          147               27.5843        27.6828      27.7331        92379           Y
          148               27.7331        27.8316       27.894       114297           Y
          149                27.894        27.9925      28.0091        31389           Y
          150               28.0091        28.1076      28.1577        91959           Y
          151               28.1577        28.2563      28.2851        53578           Y
          152               28.2851        28.3837      28.4068        43259           Y
          153               28.4068        28.5053      28.5521        85959           Y
          154               28.5521        28.6506      28.6825        59090           Y
          155               28.6825         28.781      28.8097        53229           Y
          156               28.8097        28.9082      28.9366        52859           Y
          157               28.9366        29.0351      29.0764        76025           Y
          158               29.0764        29.1749      29.2692       171982           Y
          159               29.2692        29.3677       29.388        38034           Y
          160                29.388        29.4865      29.5368        92296           Y
          161               29.5368        29.6353      29.7108       137906           Y
          162               29.7108        29.8093      29.8793       127956           Y
          163               29.8793        29.9778      30.0409       115395           Y
          164               30.0409        30.1394      30.1873        88068           Y
          165               30.1873        30.2858      30.3274        76649           Y
          166               30.3274        30.4259       30.512       156924           Y
          167                30.512        30.6105      30.6488        70770           Y
          168               30.6488        30.7473      30.8432       174766           Y
          169               30.8432        30.9417      31.0367       173098           Y
          170               31.0367        31.1352      31.2074       131847           Y
          171               31.2074        31.3059      31.3566        93049           Y
          172               31.3566        31.4551      31.4913        66822           Y
          173               31.4913        31.5898      31.6321        77903           Y
          174               31.6321        31.7306      31.7826        95407           Y
          175               31.7826        31.8812      31.8976        31140           Y
          176               31.8976        31.9961      32.0159        37170           Y
          177               32.0159        32.1144       32.146        58430           Y
          178                32.146        32.2445       32.271        49330           Y
          179                32.271        32.3695      32.3796        19735           Y
          180               32.3796        32.4781      32.4929        28185           Y
          181               32.4929        32.5915       32.601        18638           Y
          182                32.601        32.6995      32.7142        28093           Y
          183               32.7142        32.8128      32.8257        24702           Y
          184               32.8257        32.9242      32.9388        27754           Y
          185               32.9388        33.0373      33.0441        13807           Y
          186               33.0441        33.1427      33.1546        22980           Y
          187               33.1546        33.2531      33.2896        67319           Y
          188               33.2896        33.3881      33.4072        36057           Y
          189               33.4072        33.5057      33.7124       211946           Y
          190               33.7124        33.8109      34.3133       138156           Y
          191               34.3133        34.4118      34.5337       121826           Y
          192               34.5337        34.6322      34.7509       176916           Y
          193               34.7509        34.8494      34.9185       126444           Y
          194               34.9185        35.0171      35.0945       141474           Y
          195               35.0945        35.1931      35.2763       151853           Y
          196               35.2763        35.3748      35.4169        77550           Y
          197               35.4169        35.5154      35.5536        70349           Y
          198               35.5536        35.6521      35.7066       100017           Y
          199               35.7066        35.8051      35.8408        65972           Y
          200               35.8408        35.9394      35.9593        37519           Y
          201               35.9593        36.0579      36.1015        80289           Y
          202               36.1015           36.2      36.2389        71689           Y
          203               36.2389        36.3374      36.3598        41936           Y
          204               36.3598        36.4583      36.4859        51192           Y
          205               36.4859        36.5844      36.6064        41185           Y
          206               36.6064        36.7049      36.7253        38367           Y
          207               36.7253        36.8238      36.8563        60179           Y
          208               36.8563        36.9549      36.9735        35082           Y
          209               36.9735         37.072      37.0911        35913           Y
          210               37.0911        37.1896      37.1947        10682           Y
          211               37.1947        37.2932      37.3132        37638           Y
          212               37.3132        37.4118      37.4431        58097           Y
          213               37.4431        37.5416      37.5693        51426           Y
          214               37.5693        37.6678      37.6832        29143           Y
          215               37.6832        37.7817      37.8326        93443           Y
          216               37.8326        37.9311      37.9955       117790           Y
          217               37.9955         38.094      38.1474        97989           Y
          218               38.1474        38.2459      38.2466         2577           Y
          219               38.2466        38.3451      38.3541        17654           Y
          220               38.3541        38.4526      38.4674        28164           Y
