Segment_Index Download_Request_Sent Download_Start Download_End Segment_Size Download_OK
            0               2.09609        2.19337      2.19385         3128           Y
            1               2.19385         2.2911      2.39593        44788           Y
            2               2.39593        2.49317      2.59627        83412           Y
            3               2.59627        2.69354      2.71867        92274           Y
            4               2.71867        2.81593      2.83108        56210           Y
            5               2.83108        2.92833      2.94357        56494           Y
            6               2.94357        3.04083      3.05252        43658           Y
            7               3.05252        3.14977       3.1584        32596           Y
            8                3.1584        3.25564      3.26677        41642           Y
            9               3.26677        3.36402      3.37279        33180           Y
           10               3.37279        3.47004      3.48028        38444           Y
           11               3.48028        3.57753      3.58638        33376           Y
           12               3.58638        3.68364      3.69236        32942           Y
           13               3.69236        3.78961      3.79536        22196           Y
           14               3.79536        3.89262      3.89934        25740           Y
           15               3.89934        3.99661      4.00847        44300           Y
           16               4.00847        4.10572      4.11695        42024           Y
           17               4.11695        4.21422      4.22721        48390           Y
           18               4.22721        4.32447      4.33958        56032           Y
           19               4.33958        4.43683      4.45138        54032           Y
