Segment_Index Playback_Start Quality_Level
            0        2.19569             0
            1        5.19569             0
            2        5.19569             0
            3        5.19569             0
            4        5.19569             0
            5        5.19569             0
            6        5.19569             0
            7        5.19569             0
            8        5.19569             0
            9        5.19569             0
           10        5.19569             0
           11        5.19569             0
           12        5.19569             0
           13        5.19569             0
           14        5.19569             0
           15        5.19569             0
           16        5.19569             0
           17        5.19569             0
           18        5.19569             0
           19        5.19569             0
