     Time_Now  Buffer_Level 
       2.1952             0
      2.19663             3
      2.29597       2.76376
      2.43287       5.76376
      2.53269       5.54747
      2.64916       8.54747
      2.74888        8.3219
      2.87473       11.3219
      2.97369       11.1763
      3.02035       14.1763
      3.12035       14.0017
      3.19491       17.0017
      3.29387       16.8677
      3.32893       19.8677
      3.42785        19.734
      3.46261        22.734
      3.56172       22.5787
      3.61792       25.5787
      3.71684       25.4395
      3.75715       28.4395
      3.85704       28.2884
      3.90819       31.2884
       4.0071        31.163
      4.03364        34.163
       4.1326       34.0379
      4.15874       37.0379
      4.25805       36.9093
      4.28731       39.9093
      4.38627       39.7902
      4.40644       42.7902
       4.5054       42.6557
      4.54097       45.6557
      4.64013        45.504
      4.69261        48.504
      4.79229       48.3389
       4.8577       51.3389
      4.95666       51.1947
      5.00197       54.1947
      5.10089       54.0521
      5.14455       57.0521
      32.2955       29.8019
      32.3947       32.8019
      35.2955       29.6235
      35.5731       32.6235
      38.2955        29.135
      39.0617        32.135
      41.2955       29.7063
      41.4903       32.7063
      44.2955       29.7643
      44.4324       32.7643
      47.2955       29.8152
      47.3815       32.8152
      50.2955       29.6399
      50.5567       32.6399
      53.2955        29.598
      53.5986        32.598
      56.2955       29.6399
      56.5567       32.6399
      59.2955       29.5561
      59.6405       32.5561
      62.2955       29.7521
      62.4445       32.7521
      65.2955       29.6399
      65.5567       32.6399
      68.2955       29.0922
      69.1044       32.0922
      71.2955       29.6678
      71.5289       32.6678
      74.2955       29.5457
       74.651       32.5457
      77.2955       29.7105
      77.4862       32.7105
      80.2956       29.6632
      80.5334       32.6632
      83.2955       29.6399
      83.5567       32.6399
      86.2955       29.3334
      86.8633       32.3334
      89.2955       29.4741
      89.7225       32.4741
      92.2955       29.3543
      92.8423       32.3543
      95.2955       29.3467
      95.8499       32.3467
      98.2955       29.3067
      98.8899       32.3067
      101.296       29.3132
      101.883       32.3132
      104.296       29.2635
      104.933       32.2635
      107.296       29.0735
      108.123       32.0735
      110.296       28.9573
      111.239       31.9573
      113.296       28.9864
       114.21       31.9864
      116.296       28.7063
       117.49       31.7063
      119.296       28.9375
      120.259       31.9375
      122.296       29.3202
      122.876       32.3202
      125.296       29.6399
      125.557       32.6399
      128.296       28.2018
      129.995       31.2018
      131.296        26.741
      134.456        29.741
      134.555       27.2293
      136.967       30.2293
      137.296         26.48
      140.717         29.48
      140.816       26.2642
      143.932       29.2642
      144.031       26.1405
      147.056       29.1405
      147.155       26.6661
      149.531       29.6661
      149.629       28.3957
      150.801       31.3957
      152.296        27.632
      154.565        30.632
      155.296       26.9104
      158.286       29.9104
      158.385       28.2128
      159.984       31.2128
      161.296       28.4001
      162.797       31.4001
      164.296        27.854
      166.343        30.854
      167.296       28.5379
      168.659       31.5379
      170.296       28.8371
       171.36       31.8371
      173.296       29.3666
       173.83       32.3666
      176.296       29.5071
       176.69       32.5071
      179.296       27.5374
      181.659       30.5374
      182.296       27.2819
      184.915       30.2819
      185.296       28.5288
      186.668       31.5288
      188.296       27.8924
      190.304       30.8924
      191.296       29.1843
      192.012       32.1843
      194.296       29.8842
      194.312       32.8842
      197.296        28.514
      198.683        31.514
      200.296       27.0567
       203.14       30.0567
      203.296       26.8983
      206.298       29.8983
      206.397       26.8995
      209.297       29.8995
      209.396       26.6534
      212.543       29.6534
      212.642       26.5333
      215.663       29.5333
      215.762        27.267
       217.93        30.267
      218.296       27.8461
      220.351       30.8461
      221.296       27.5418
      223.655       30.5418
      224.296       28.0443
      226.152       31.0443
      227.296       28.3613
      228.835       31.3613
      230.296       28.1562
       232.04       31.1562
      233.296       27.7732
      235.423       30.7732
      236.296       27.2761
      238.921       30.2761
      239.296       26.5684
      242.628       29.5684
      242.727       27.0107
      245.186       30.0107
      245.296       26.2463
       248.95       29.2463
      249.049       26.5937
      251.603       29.5937
      251.702       27.2879
      253.909       30.2879
      254.296       26.1033
      258.093       29.1033
      258.192        27.619
      259.578        30.619
      260.296       27.3115
      262.885       30.3115
      263.296       26.8223
      266.374       29.8223
      266.473       27.9704
      268.226       30.9704
      269.296       27.2754
      271.921       30.2754
      272.296        26.679
      275.518        29.679
      275.617       27.6399
      277.557       30.6399
      278.296       28.6799
      279.517       31.6799
      281.296       28.6138
      282.583       31.6138
      284.296       28.5334
      285.663       31.5334
      287.296       28.3018
      288.895       31.3018
      290.296       27.6914
      292.505       30.6914
      293.296       27.9248
      295.272       30.9248
      296.296       27.7104
      298.486       30.7104
      299.296       28.4698
      300.727       31.4698
      302.296       29.0173
      303.179       32.0173
      305.296       29.1877
      306.009       32.1877
      308.296       29.4881
      308.709       32.4881
      311.296        29.632
      311.565        32.632
      314.296        29.607
       314.59        32.607
      317.296       29.5302
      317.666       32.5302
      320.296       28.9724
      321.224       31.9724
      323.296       28.6034
      324.593       31.6034
      326.296       28.0384
      328.158       31.0384
      329.296       28.7074
      330.489       31.7074
      332.296       28.1657
      334.031       31.1657
      335.296       28.6053
      336.591       31.6053
      338.296       28.9898
      339.207       31.9898
      341.296       29.4496
      341.747       32.4496
      344.296       27.1236
      347.073       30.1236
      347.296       27.7873
      349.409       30.7873
      350.296       27.7365
       352.46       30.7365
      353.296       27.8763
       355.32       30.8763
      356.296        27.845
      358.352        30.845
      359.296       28.1425
      361.054       31.1425
      362.296       28.4744
      363.722       31.4744
      365.296       28.6666
       366.53       31.6666
      368.296       28.3256
      369.871       31.3256
      371.296       28.4777
      372.719       31.4777
      374.296       28.7046
      375.492       31.7046
      377.296       28.5335
      378.663       31.5335
      380.296         29.28
      380.917         32.28
      383.296       28.8338
      384.363       31.8338
      386.296        28.557
       387.64        31.557
      389.296        28.399
      390.798        31.399
      392.296       29.0806
      393.116       32.0806
      395.296       28.3815
      396.815       31.3815
      398.296       27.3083
      400.888       30.3083
      401.296        27.878
      403.319        30.878
      404.296       27.9916
      406.205       30.9916
      407.296       28.0075
      409.189       31.0075
      410.296       28.1737
      412.023       31.1737
      413.296       27.7129
      415.484       30.7129
      416.296       28.3354
      417.861       31.3354
      419.296       29.2062
       419.99       32.2062
      422.296        28.686
      423.511        31.686
      425.296        28.806
      426.391        31.806
      428.296       28.6313
      429.565       31.6313
      431.296       28.6273
      432.569       31.6273
      434.296       28.7176
      435.479       31.7176
      437.296       29.0938
      438.103       32.0938
      440.296       28.8976
      441.299       31.8976
      443.296       27.8232
      445.373       30.8232
      446.296       28.1543
      448.042       31.1543
      449.296       28.8576
      450.339       31.8576
      452.296       28.5812
      453.615       31.5812
      455.296       27.1997
      457.997       30.1997
      458.296       28.0593
      460.137       31.0593
      461.296       28.0766
       463.12       31.0766
      464.296       28.5705
      465.626       31.5705
      467.296       28.5144
      468.682       31.5144
      470.296        27.503
      472.694        30.503
      473.296       27.7329
      475.464       30.7329
      476.296       27.5743
      478.622       30.5743
      479.296       27.9567
       481.24       30.9567
      482.296       28.0657
      484.131       31.0657
      485.296       28.7837
      486.413       31.7837
      488.296       28.7542
      489.442       31.7542
      491.296       28.5271
       492.67       31.5271
      494.296       28.5611
      495.636       31.5611
      497.296       29.2452
      497.951       32.2452
