Segment_Index Playback_Start Quality_Level
            0        2.19569             0
            1        5.19569             0
            2        8.19569             0
            3        11.1957             0
            4        14.1957             0
            5        17.1957             0
            6        20.1957             0
            7        23.1957             0
            8        26.1957             0
            9        29.1957             0
           10        32.1957             0
           11        35.1957             0
           12        38.1957             0
           13        41.1957             0
           14        44.1957             0
           15        47.1957             0
           16        50.1957             0
           17        53.1957             0
           18        56.1957             0
           19        59.1957             0
           20        62.1957             1
           21        65.1957             1
           22        68.1957             1
           23        71.1957             1
           24        74.1957             1
           25        77.1957             1
           26        80.1957             2
           27        83.1957             2
           28        86.1957             2
           29        89.1957             2
           30        92.1957             2
           31        95.1957             2
           32        98.1957             3
           33        101.196             3
           34        104.196             3
           35        107.196             3
           36        110.196             3
           37        113.196             3
           38        116.196             4
           39        119.196             4
           40        122.196             4
           41        125.196             4
           42        128.196             4
           43        131.196             4
           44        134.196             5
           45        137.196             5
           46        140.196             5
           47        143.196             5
           48        146.196             5
           49        149.196             5
           50        152.196             5
           51        155.196             5
           52        158.196             5
           53        161.196             5
           54        164.196             5
           55        167.196             5
           56        170.196             5
           57        173.196             5
           58        176.196             5
           59        179.196             5
           60        182.196             5
           61        185.196             5
           62        188.196             5
           63        191.196             5
           64        194.196             5
           65        197.196             5
           66        200.196             5
           67        203.196             5
           68        206.196             5
           69        209.196             5
           70        212.196             5
           71        215.196             5
           72        218.196             5
           73        221.196             5
           74        224.196             5
           75        227.196             5
           76        230.196             5
           77        233.196             5
           78        236.196             5
           79        239.196             5
           80        242.196             5
           81        245.196             5
           82        248.196             5
           83        251.196             5
           84        254.196             5
           85        257.196             5
           86        260.196             5
           87        263.196             5
           88        266.196             5
           89        269.196             5
           90        272.196             5
           91        275.196             5
           92        278.196             5
           93        281.196             5
           94        284.196             5
           95        287.196             6
           96        290.196             5
           97        293.196             5
           98        296.196             5
           99        299.196             5
