Buffer_Underrun_Started_At          2.19337          1448
      2.19377          1448
      2.19385           232
       2.2911          1448
       2.2915          1448
       2.2919          1448
       2.2923          1448
       2.2927          1448
       2.2931          1448
       2.2935          1448
       2.2939          1448
       2.2943          1448
       2.2947          1448
       2.2951          1448
       2.2955          1448
      2.38874          1448
      2.38914          1448
      2.38954          1448
      2.38994          1448
      2.39034          1448
      2.39074          1448
      2.39114          1448
      2.39154          1448
      2.39195          1448
      2.39235          1448
      2.39275          1448
      2.39315          1448
      2.39355          1448
      2.39395          1448
      2.39435          1448
      2.39475          1448
      2.39515          1448
      2.39555          1448
      2.39593          1348
      2.49317          1448
      2.49357          1448
      2.49397          1448
      2.49438          1448
      2.49478          1448
      2.49518          1448
      2.49558          1448
      2.49598          1448
      2.49638          1448
      2.49678          1448
      2.49718          1448
      2.49758          1448
      2.49798          1448
      2.49838          1448
      2.49878          1448
      2.49918          1448
      2.49958          1448
      2.49998          1448
      2.50038          1448
      2.50078          1448
      2.50118          1448
      2.50158          1448
      2.50199          1448
      2.50239          1448
      2.50279          1448
      2.50319          1448
      2.50359          1448
      2.50399          1448
      2.50439          1448
      2.50479          1448
      2.50519          1448
      2.50559          1448
      2.50599          1448
      2.50639          1448
      2.50679          1448
      2.50719          1448
      2.50759          1448
      2.50799          1448
      2.50839          1448
       2.5088          1448
       2.5092          1448
       2.5096          1448
         2.51          1448
      2.59082          1448
      2.59122          1448
      2.59162          1448
      2.59202          1448
      2.59242          1448
      2.59282          1448
      2.59322          1448
      2.59362          1448
      2.59402          1448
      2.59442          1448
      2.59483          1448
      2.59523          1448
      2.59563          1448
      2.59603          1448
      2.59627           876
      2.69354          1448
      2.69394          1448
      2.69434          1448
      2.69474          1448
      2.69514          1448
      2.69554          1448
      2.69594          1448
      2.69634          1448
      2.69674          1448
      2.69714          1448
      2.69754          1448
      2.69794          1448
      2.69835          1448
      2.69875          1448
      2.69915          1448
      2.69955          1448
      2.69995          1448
      2.70035          1448
      2.70075          1448
      2.70115          1448
      2.70155          1448
      2.70195          1448
      2.70235          1448
      2.70275          1448
      2.70315          1448
      2.70355          1448
      2.70395          1448
      2.70435          1448
      2.70475          1448
      2.70515          1448
      2.70555          1448
      2.70595          1448
      2.70635          1448
      2.70676          1448
      2.70716          1448
      2.70756          1448
      2.70796          1448
      2.70836          1448
      2.70876          1448
      2.70916          1448
      2.70956          1448
      2.70996          1448
      2.71036          1448
      2.71076          1448
      2.71116          1448
      2.71156          1448
      2.71196          1448
      2.71236          1448
      2.71276          1448
      2.71317          1448
      2.71357          1448
      2.71397          1448
      2.71437          1448
      2.71477          1448
      2.71517          1448
      2.71557          1448
      2.71597          1448
      2.71637          1448
      2.71677          1448
      2.71717          1448
      2.71757          1448
      2.71797          1448
      2.71837          1448
      2.71867          1050
      2.81593          1448
      2.81633          1448
      2.81673          1448
      2.81713          1448
      2.81753          1448
      2.81793          1448
      2.81833          1448
      2.81873          1448
      2.81913          1448
      2.81954          1448
      2.81994          1448
      2.82034          1448
      2.82074          1448
      2.82114          1448
      2.82154          1448
      2.82194          1448
      2.82234          1448
      2.82274          1448
      2.82314          1448
      2.82354          1448
      2.82394          1448
      2.82434          1448
      2.82474          1448
      2.82514          1448
      2.82554          1448
      2.82594          1448
      2.82634          1448
      2.82674          1448
      2.82714          1448
      2.82755          1448
      2.82795          1448
      2.82835          1448
      2.82875          1448
      2.82915          1448
      2.82955          1448
      2.82995          1448
      2.83035          1448
      2.83075          1448
      2.83108          1186
      2.92833          1448
      2.92873          1448
      2.92913          1448
      2.92953          1448
      2.92993          1448
      2.93033          1448
      2.93073          1448
      2.93113          1448
      2.93153          1448
      2.93194          1448
      2.93234          1448
      2.93274          1448
      2.93314          1448
      2.93354          1448
      2.93394          1448
      2.93434          1448
      2.93474          1448
      2.93514          1448
      2.93554          1448
      2.93594          1448
      2.93634          1448
      2.93674          1448
      2.93714          1448
      2.93754          1448
      2.93794          1448
      2.93834          1448
      2.93874          1448
      2.93914          1448
      2.93954          1448
      2.93994          1448
      2.94035          1448
      2.94075          1448
      2.94115          1448
      2.94155          1448
      2.94195          1448
      2.94235          1448
      2.94275          1448
      2.94315          1448
      2.94355          1448
      2.94357            22
      3.04083          1448
      3.04123          1448
      3.04163          1448
      3.04204          1448
      3.04244          1448
      3.04284          1448
      3.04324          1448
      3.04364          1448
      3.04404          1448
      3.04444          1448
      3.04484          1448
      3.04524          1448
      3.04564          1448
      3.04604          1448
      3.04644          1448
      3.04684          1448
      3.04724          1448
      3.04764          1448
      3.04804          1448
      3.04844          1448
      3.04885          1448
      3.04925          1448
      3.04965          1448
      3.05005          1448
      3.05045          1448
      3.05085          1448
      3.05125          1448
      3.05165          1448
      3.05205          1448
      3.05245          1448
      3.05252           218
      3.14977          1448
      3.15017          1448
      3.15057          1448
      3.15097          1448
      3.15137          1448
      3.15178          1448
      3.15218          1448
      3.15258          1448
      3.15298          1448
      3.15338          1448
      3.15378          1448
      3.15418          1448
      3.15458          1448
      3.15498          1448
      3.15538          1448
      3.15578          1448
      3.15618          1448
      3.15658          1448
      3.15698          1448
      3.15738          1448
      3.15778          1448
      3.15818          1448
       3.1584           740
      3.25564          1448
      3.25604          1448
      3.25645          1448
      3.25685          1448
      3.25725          1448
      3.25765          1448
      3.25805          1448
      3.25845          1448
      3.25885          1448
      3.25925          1448
      3.25965          1448
      3.26005          1448
      3.26045          1448
      3.26085          1448
      3.26125          1448
      3.26165          1448
      3.26205          1448
      3.26245          1448
      3.26285          1448
      3.26326          1448
      3.26365          1448
      3.26406          1448
      3.26446          1448
      3.26486          1448
      3.26526          1448
      3.26566          1448
      3.26606          1448
      3.26646          1448
      3.26677          1098
      3.36402          1448
      3.36442          1448
      3.36482          1448
      3.36522          1448
      3.36562          1448
      3.36602          1448
      3.36642          1448
      3.36682          1448
      3.36722          1448
      3.36762          1448
      3.36802          1448
      3.36842          1448
      3.36882          1448
      3.36922          1448
      3.36962          1448
      3.37002          1448
      3.37042          1448
      3.37082          1448
      3.37122          1448
      3.37163          1448
      3.37203          1448
      3.37243          1448
      3.37279          1324
      3.47004          1448
      3.47044          1448
      3.47085          1448
      3.47125          1448
      3.47165          1448
      3.47205          1448
      3.47245          1448
      3.47285          1448
      3.47325          1448
      3.47365          1448
      3.47405          1448
      3.47445          1448
      3.47485          1448
      3.47525          1448
      3.47565          1448
      3.47605          1448
      3.47645          1448
      3.47685          1448
      3.47725          1448
      3.47765          1448
      3.47805          1448
      3.47845          1448
      3.47886          1448
      3.47926          1448
      3.47966          1448
      3.48006          1448
      3.48028           796
      3.57753          1448
      3.57793          1448
      3.57834          1448
      3.57873          1448
      3.57914          1448
      3.57954          1448
      3.57994          1448
      3.58034          1448
      3.58074          1448
      3.58114          1448
      3.58154          1448
      3.58194          1448
      3.58234          1448
      3.58274          1448
      3.58314          1448
      3.58354          1448
      3.58394          1448
      3.58434          1448
      3.58474          1448
      3.58514          1448
      3.58554          1448
      3.58595          1448
      3.58635          1448
      3.58638            72
      3.68364          1448
      3.68404          1448
      3.68444          1448
      3.68484          1448
      3.68525          1448
      3.68565          1448
      3.68605          1448
      3.68645          1448
      3.68685          1448
      3.68725          1448
      3.68765          1448
      3.68805          1448
      3.68845          1448
      3.68885          1448
      3.68925          1448
      3.68965          1448
      3.69005          1448
      3.69045          1448
      3.69085          1448
      3.69125          1448
      3.69165          1448
      3.69205          1448
      3.69236          1086
      3.78961          1448
      3.79001          1448
      3.79041          1448
      3.79081          1448
      3.79121          1448
      3.79161          1448
      3.79201          1448
      3.79241          1448
      3.79281          1448
      3.79321          1448
      3.79361          1448
      3.79401          1448
      3.79441          1448
      3.79481          1448
      3.79521          1448
      3.79536           476
      3.89262          1448
      3.89302          1448
      3.89342          1448
      3.89382          1448
      3.89422          1448
      3.89462          1448
      3.89502          1448
      3.89542          1448
      3.89582          1448
      3.89622          1448
      3.89663          1448
      3.89703          1448
      3.89743          1448
      3.89783          1448
      3.89823          1448
      3.89863          1448
      3.89903          1448
      3.89934          1124
      3.99661          1448
      3.99701          1448
      3.99741          1448
      3.99781          1448
      3.99821          1448
      3.99861          1448
      3.99901          1448
      3.99941          1448
      3.99981          1448
      4.00021          1448
      4.00061          1448
      4.00101          1448
      4.00141          1448
      4.00181          1448
      4.00221          1448
      4.00261          1448
      4.00302          1448
      4.00342          1448
      4.00382          1448
      4.00422          1448
      4.00462          1448
      4.00502          1448
      4.00542          1448
      4.00582          1448
      4.00622          1448
      4.00662          1448
      4.00702          1448
      4.00742          1448
      4.00782          1448
      4.00822          1448
      4.00847           860
      4.10572          1448
      4.10612          1448
      4.10652          1448
      4.10692          1448
      4.10732          1448
      4.10772          1448
      4.10812          1448
      4.10852          1448
      4.10892          1448
      4.10932          1448
      4.10972          1448
      4.11012          1448
      4.11052          1448
      4.11092          1448
      4.11132          1448
      4.11172          1448
      4.11212          1448
      4.11252          1448
      4.11292          1448
      4.11333          1448
      4.11373          1448
      4.11413          1448
      4.11453          1448
      4.11493          1448
      4.11533          1448
      4.11573          1448
      4.11613          1448
      4.11653          1448
      4.11693          1448
      4.11695            32
      4.21422          1448
      4.21462          1448
      4.21502          1448
      4.21542          1448
      4.21582          1448
      4.21622          1448
      4.21662          1448
      4.21702          1448
      4.21742          1448
      4.21782          1448
      4.21822          1448
      4.21862          1448
      4.21902          1448
      4.21943          1448
      4.21983          1448
      4.22023          1448
      4.22063          1448
      4.22103          1448
      4.22143          1448
      4.22183          1448
      4.22223          1448
      4.22263          1448
      4.22303          1448
      4.22343          1448
      4.22383          1448
      4.22423          1448
      4.22463          1448
      4.22503          1448
      4.22543          1448
      4.22583          1448
      4.22623          1448
      4.22663          1448
      4.22703          1448
      4.22721           606
      4.32447          1448
      4.32487          1448
      4.32528          1448
      4.32568          1448
      4.32608          1448
      4.32648          1448
      4.32688          1448
      4.32728          1448
      4.32768          1448
      4.32808          1448
      4.32848          1448
      4.32888          1448
      4.32928          1448
      4.32968          1448
      4.33008          1448
      4.33048          1448
      4.33088          1448
      4.33128          1448
      4.33168          1448
      4.33209          1448
      4.33249          1448
      4.33289          1448
      4.33329          1448
      4.33369          1448
      4.33409          1448
      4.33449          1448
      4.33489          1448
      4.33529          1448
      4.33569          1448
      4.33609          1448
      4.33649          1448
      4.33689          1448
      4.33729          1448
      4.33769          1448
      4.33809          1448
      4.33849          1448
      4.33889          1448
      4.33929          1448
      4.33958          1008
      4.43683          1448
      4.43723          1448
      4.43763          1448
      4.43803          1448
      4.43843          1448
      4.43883          1448
      4.43923          1448
      4.43963          1448
      4.44003          1448
      4.44043          1448
      4.44083          1448
      4.44123          1448
      4.44163          1448
      4.44203          1448
      4.44243          1448
      4.44283          1448
      4.44324          1448
      4.44364          1448
      4.44404          1448
      4.44444          1448
      4.44484          1448
      4.44524          1448
      4.44564          1448
      4.44604          1448
      4.44644          1448
      4.44684          1448
      4.44724          1448
      4.44764          1448
      4.44804          1448
      4.44844          1448
      4.44884          1448
      4.44924          1448
      4.44964          1448
      4.45005          1448
      4.45045          1448
      4.45085          1448
      4.45125          1448
      4.45138           456
