Segment_Index Playback_Start Quality_Level
            0        2.19324             0
            1        5.19324             0
            2        8.19324             0
            3        11.1932             0
            4        14.1932             0
            5        17.1932             0
            6        20.1932             0
            7        23.1932             0
            8        26.1932             0
            9        29.1932             0
           10        32.1932             0
           11        35.1932             0
           12        38.1932             0
           13        41.1932             0
           14        44.1932             0
           15        47.1932             0
           16        50.1932             0
           17        53.1932             0
           18        56.1932             0
           19        59.1932             0
           20        62.1932             0
           21        65.1932             0
           22        68.1932             0
           23        71.1932             0
           24        74.1932             0
           25        77.1932             0
           26        80.1932             0
           27        83.1932             0
           28        86.1932             0
           29        89.1932             0
           30        92.1932             0
           31        95.1932             0
           32        98.1932             0
           33        101.193             0
           34        104.193             0
           35        107.193             0
           36        110.193             0
           37        113.193             0
           38        116.193             0
           39        119.193             0
           40        122.193             0
           41        125.193             0
           42        128.193             0
           43        131.193             0
           44        134.193             0
           45        137.193             0
           46        140.193             0
           47        143.193             0
           48        146.193             0
           49        149.193             0
           50        152.193             0
           51        155.193             0
           52        158.193             0
           53        161.193             0
           54        164.193             0
           55        167.193             0
           56        170.193             0
           57        173.193             0
           58        176.193             0
           59        179.193             0
           60        182.193             0
           61        185.193             0
           62        188.193             0
           63        191.193             0
           64        194.193             0
           65        197.193             0
           66        200.193             0
           67        203.193             0
           68        206.193             0
           69        209.193             0
           70        212.193             0
           71        215.193             0
           72        218.193             0
           73        221.193             0
           74        224.193             0
           75        227.193             0
           76        230.193             0
           77        233.193             0
           78        236.193             0
           79        239.193             0
           80        242.193             0
           81        245.193             0
           82        248.193             0
           83        251.193             0
           84        254.193             0
           85        257.193             0
           86        260.193             0
           87        263.193             0
           88        266.193             0
           89        269.193             0
           90        272.193             0
           91        275.193             0
           92        278.193             0
           93        281.193             0
           94        284.193             0
           95        287.193             0
           96        290.193             0
           97        293.193             0
           98        296.193             0
           99        299.193             0
