Buffer_Underrun_Started_At          2.19611          1448
      2.19731          1448
      2.19754           232
      2.29729          1448
      2.29849          1448
      2.29969          1448
       2.3009          1448
       2.3021          1448
       2.3033          1448
       2.3045          1448
       2.3057          1448
       2.3069          1448
       2.3081          1448
      2.30931          1448
      2.31051          1448
      2.39823          1448
      2.39943          1448
      2.40063          1448
      2.40183          1448
      2.40303          1448
      2.40423          1448
      2.40544          1448
      2.40664          1448
      2.40784          1448
      2.40904          1448
      2.41024          1448
      2.41144          1448
      2.41264          1448
      2.41385          1448
      2.41505          1448
      2.41625          1448
      2.41745          1448
      2.41865          1448
      2.41978          1348
      2.51952          1448
      2.52073          1448
      2.52193          1448
      2.52313          1448
      2.52433          1448
      2.52553          1448
      2.52673          1448
      2.52793          1448
      2.52914          1448
      2.53034          1448
      2.53154          1448
      2.53274          1448
      2.53394          1448
      2.53514          1448
      2.53635          1448
      2.53755          1448
      2.53875          1448
      2.53995          1448
      2.54115          1448
      2.54235          1448
      2.54356          1448
      2.54476          1448
      2.54596          1448
      2.54716          1448
      2.54836          1448
      2.54956          1448
      2.55077          1448
      2.55197          1448
      2.55317          1448
      2.55437          1448
      2.55557          1448
      2.55677          1448
      2.55797          1448
      2.55918          1448
      2.56038          1448
      2.56158          1448
      2.56278          1448
      2.56398          1448
      2.56518          1448
      2.56639          1448
      2.56759          1448
      2.56879          1448
      2.56999          1448
      2.62046          1448
      2.62166          1448
      2.62286          1448
      2.62406          1448
      2.62527          1448
      2.62647          1448
      2.62767          1448
      2.62887          1448
      2.63007          1448
      2.63127          1448
      2.63248          1448
      2.63368          1448
      2.63488          1448
      2.63608          1448
      2.63682           876
      2.73662          1448
      2.73782          1448
      2.73902          1448
      2.74022          1448
      2.74142          1448
      2.74262          1448
      2.74383          1448
      2.74503          1448
      2.74623          1448
      2.74743          1448
      2.74863          1448
      2.74983          1448
      2.75104          1448
      2.75224          1448
      2.75344          1448
      2.75464          1448
      2.75584          1448
      2.75704          1448
      2.75825          1448
      2.75945          1448
      2.76065          1448
      2.76185          1448
      2.76305          1448
      2.76425          1448
      2.76546          1448
      2.76666          1448
      2.76786          1448
      2.76906          1448
      2.77026          1448
      2.77146          1448
      2.77266          1448
      2.77387          1448
      2.77507          1448
      2.77627          1448
      2.77747          1448
      2.77867          1448
      2.77987          1448
      2.78108          1448
      2.78228          1448
      2.78348          1448
      2.78468          1448
      2.78588          1448
      2.78708          1448
      2.78829          1448
      2.78949          1448
      2.79069          1448
      2.79189          1448
      2.79309          1448
      2.79429          1448
      2.79549          1448
       2.7967          1448
       2.7979          1448
       2.7991          1448
       2.8003          1448
       2.8015          1448
       2.8027          1448
      2.80391          1448
      2.80511          1448
      2.80631          1448
      2.80751          1448
      2.80871          1448
      2.80991          1448
      2.81112          1448
        2.812          1050
      2.91179          1448
      2.91299          1448
      2.91419          1448
       2.9154          1448
       2.9166          1448
       2.9178          1448
        2.919          1448
       2.9202          1448
       2.9214          1448
       2.9226          1448
      2.92381          1448
      2.92501          1448
      2.92621          1448
      2.92741          1448
      2.92861          1448
      2.92982          1448
      2.93102          1448
      2.93222          1448
      2.93342          1448
      2.93462          1448
      2.93582          1448
      2.93702          1448
      2.93823          1448
      2.93943          1448
      2.94063          1448
      2.94183          1448
      2.94303          1448
      2.94423          1448
      2.94544          1448
      2.94664          1448
      2.94784          1448
      2.94904          1448
      2.95024          1448
      2.95144          1448
      2.95264          1448
      2.95385          1448
      2.95505          1448
      2.95625          1448
      2.95724          1186
      3.05699          1448
      3.05819          1448
      3.05939          1448
       3.0606          1448
       3.0618          1448
        3.063          1448
       3.0642          1448
       3.0654          1448
       3.0666          1448
       3.0678          1448
      3.06901          1448
      3.07021          1448
      3.07141          1448
      3.07261          1448
      3.07381          1448
      3.07502          1448
      3.07622          1448
      3.07742          1448
      3.07862          1448
      3.07982          1448
      3.08102          1448
      3.08222          1448
      3.08343          1448
      3.08463          1448
      3.08583          1448
      3.08703          1448
      3.08823          1448
      3.08943          1448
      3.09064          1448
      3.09184          1448
      3.09304          1448
      3.09424          1448
      3.09544          1448
      3.09664          1448
      3.09784          1448
      3.09905          1448
      3.10025          1448
      3.10145          1448
      3.10265          1448
      3.10271            22
       3.2025          1448
      3.20371          1448
      3.20491          1448
      3.20611          1448
      3.20731          1448
      3.20851          1448
      3.20971          1448
      3.21092          1448
      3.21212          1448
      3.21332          1448
      3.21452          1448
      3.21572          1448
      3.21692          1448
      3.21813          1448
      3.21933          1448
      3.22053          1448
      3.22173          1448
      3.22293          1448
      3.22413          1448
      3.22533          1448
      3.22654          1448
      3.22774          1448
      3.22894          1448
      3.23014          1448
      3.23134          1448
      3.23254          1448
      3.23375          1448
      3.23495          1448
      3.23615          1448
      3.23735          1448
      3.23757           218
      3.33732          1448
      3.33852          1448
      3.33972          1448
      3.34092          1448
      3.34212          1448
      3.34333          1448
      3.34453          1448
      3.34573          1448
      3.34693          1448
      3.34813          1448
      3.34933          1448
      3.35053          1448
      3.35174          1448
      3.35294          1448
      3.35414          1448
      3.35534          1448
      3.35654          1448
      3.35774          1448
      3.35895          1448
      3.36015          1448
      3.36135          1448
      3.36255          1448
      3.36319           740
      3.46293          1448
      3.46414          1448
      3.46534          1448
      3.46654          1448
      3.46774          1448
      3.46894          1448
      3.47014          1448
      3.47135          1448
      3.47255          1448
      3.47375          1448
      3.47495          1448
      3.47615          1448
      3.47735          1448
      3.47856          1448
      3.47976          1448
      3.48096          1448
      3.48216          1448
      3.48336          1448
      3.48456          1448
      3.48576          1448
      3.48697          1448
      3.48817          1448
      3.48937          1448
      3.49057          1448
      3.49177          1448
      3.49297          1448
      3.49418          1448
      3.49538          1448
       3.4963          1098
      3.59605          1448
      3.59725          1448
      3.59845          1448
      3.59965          1448
      3.60086          1448
      3.60206          1448
      3.60326          1448
      3.60446          1448
      3.60566          1448
      3.60686          1448
      3.60806          1448
      3.60927          1448
      3.61047          1448
      3.61167          1448
      3.61287          1448
      3.61407          1448
      3.61527          1448
      3.61648          1448
      3.61768          1448
      3.61888          1448
      3.62008          1448
      3.62128          1448
      3.62238          1324
      3.72213          1448
      3.72334          1448
      3.72454          1448
      3.72574          1448
      3.72694          1448
      3.72814          1448
      3.72934          1448
      3.73054          1448
      3.73175          1448
      3.73295          1448
      3.73415          1448
      3.73535          1448
      3.73655          1448
      3.73775          1448
      3.73896          1448
      3.74016          1448
      3.74136          1448
      3.74256          1448
      3.74376          1448
      3.74496          1448
      3.74616          1448
      3.74737          1448
      3.74857          1448
      3.74977          1448
      3.75097          1448
      3.75217          1448
      3.75285           796
       3.8526          1448
       3.8538          1448
        3.855          1448
      3.85621          1448
      3.85741          1448
      3.85861          1448
      3.85981          1448
      3.86101          1448
      3.86221          1448
      3.86342          1448
      3.86462          1448
      3.86582          1448
      3.86702          1448
      3.86822          1448
      3.86942          1448
      3.87063          1448
      3.87183          1448
      3.87303          1448
      3.87423          1448
      3.87543          1448
      3.87663          1448
      3.87784          1448
      3.87904          1448
      3.87914            72
      3.97893          1448
      3.98013          1448
      3.98133          1448
      3.98253          1448
      3.98374          1448
      3.98494          1448
      3.98614          1448
      3.98734          1448
      3.98854          1448
      3.98974          1448
      3.99095          1448
      3.99215          1448
      3.99335          1448
      3.99455          1448
      3.99575          1448
      3.99695          1448
      3.99816          1448
      3.99936          1448
      4.00056          1448
      4.00176          1448
      4.00296          1448
      4.00416          1448
      4.00508          1086
      4.10482          1448
      4.10603          1448
      4.10723          1448
      4.10843          1448
      4.10963          1448
      4.11083          1448
      4.11203          1448
      4.11324          1448
      4.11444          1448
      4.11564          1448
      4.11684          1448
      4.11804          1448
      4.11924          1448
      4.12045          1448
      4.12165          1448
      4.12207           476
      4.22186          1448
      4.22306          1448
      4.22427          1448
      4.22547          1448
      4.22667          1448
      4.22787          1448
      4.22907          1448
      4.23027          1448
      4.23148          1448
      4.23268          1448
      4.23388          1448
      4.23508          1448
      4.23628          1448
      4.23748          1448
      4.23869          1448
      4.23989          1448
      4.24109          1448
      4.24203          1124
      4.34182          1448
      4.34302          1448
      4.34423          1448
      4.34543          1448
      4.34663          1448
      4.34783          1448
      4.34903          1448
      4.35023          1448
      4.35144          1448
      4.35264          1448
      4.35384          1448
      4.35504          1448
      4.35624          1448
      4.35744          1448
      4.35865          1448
      4.35985          1448
      4.36105          1448
      4.36225          1448
      4.36345          1448
      4.36465          1448
      4.36585          1448
      4.36706          1448
      4.36826          1448
      4.36946          1448
      4.37066          1448
      4.37186          1448
      4.37306          1448
      4.37427          1448
      4.37547          1448
      4.37667          1448
       4.3774           860
      4.47715          1448
      4.47835          1448
      4.47955          1448
      4.48075          1448
      4.48196          1448
      4.48316          1448
      4.48436          1448
      4.48556          1448
      4.48676          1448
      4.48796          1448
      4.48916          1448
      4.49037          1448
      4.49157          1448
      4.49277          1448
      4.49397          1448
      4.49517          1448
      4.49637          1448
      4.49758          1448
      4.49878          1448
      4.49998          1448
      4.50118          1448
      4.50238          1448
      4.50358          1448
      4.50479          1448
      4.50599          1448
      4.50719          1448
      4.50839          1448
      4.50959          1448
      4.51079          1448
      4.51086            32
      4.61066          1448
      4.61186          1448
      4.61306          1448
      4.61426          1448
      4.61546          1448
      4.61666          1448
      4.61786          1448
      4.61907          1448
      4.62027          1448
      4.62147          1448
      4.62267          1448
      4.62387          1448
      4.62507          1448
      4.62628          1448
      4.62748          1448
      4.62868          1448
      4.62988          1448
      4.63108          1448
      4.63228          1448
      4.63349          1448
      4.63469          1448
      4.63589          1448
      4.63709          1448
      4.63829          1448
      4.63949          1448
       4.6407          1448
       4.6419          1448
       4.6431          1448
       4.6443          1448
       4.6455          1448
       4.6467          1448
       4.6479          1448
      4.64911          1448
      4.64963           606
      4.74943          1448
      4.75063          1448
      4.75183          1448
      4.75303          1448
      4.75423          1448
      4.75543          1448
      4.75664          1448
      4.75784          1448
      4.75904          1448
      4.76024          1448
      4.76144          1448
      4.76264          1448
      4.76384          1448
      4.76505          1448
      4.76625          1448
      4.76745          1448
      4.76865          1448
      4.76985          1448
      4.77105          1448
      4.77226          1448
      4.77346          1448
      4.77466          1448
      4.77586          1448
      4.77706          1448
      4.77826          1448
      4.77947          1448
      4.78067          1448
      4.78187          1448
      4.78307          1448
      4.78427          1448
      4.78547          1448
      4.78668          1448
      4.78788          1448
      4.78908          1448
      4.79028          1448
      4.79148          1448
      4.79268          1448
      4.79389          1448
      4.79474          1008
      4.89448          1448
      4.89569          1448
      4.89689          1448
      4.89809          1448
      4.89929          1448
      4.90049          1448
      4.90169          1448
       4.9029          1448
       4.9041          1448
       4.9053          1448
       4.9065          1448
       4.9077          1448
       4.9089          1448
       4.9101          1448
      4.91131          1448
      4.91251          1448
      4.91371          1448
      4.91491          1448
      4.91611          1448
      4.91731          1448
      4.91852          1448
      4.91972          1448
      4.92092          1448
      4.92212          1448
      4.92332          1448
      4.92452          1448
      4.92572          1448
      4.92693          1448
      4.92813          1448
      4.92933          1448
      4.93053          1448
      4.93173          1448
      4.93293          1448
      4.93414          1448
      4.93534          1448
      4.93654          1448
      4.93774          1448
      4.93815           456
