Segment_Index Rep_Level Decision_Point_Of_Time Case DelayCase
            0         0                2.09628    0         0
            1         0                2.19754    1         0
            2         0                2.41978    1         0
            3         0                2.63682    1         0
            4         0                  2.812    1         0
            5         0                2.95724    1         0
            6         0                3.10271    1         0
            7         0                3.23757    1         0
            8         0                3.36319    1         0
            9         0                 3.4963    1         0
           10         0                3.62238    1         0
           11         0                3.75285    1         0
           12         0                3.87914    1         0
           13         0                4.00508    1         0
           14         0                4.12207    1         0
           15         0                4.24203    1         0
           16         0                 4.3774    1         0
           17         0                4.51086    1         0
           18         0                4.64963    1         0
           19         0                4.79474    1         0
           20         1                4.93815    1         1
