Segment_Index Rep_Level Decision_Point_Of_Time Case DelayCase
            0         0                2.04256    0         0
            1         0                2.10704    1         0
            2         0                 2.4293    1         0
            3         0                2.97678    1         0
            4         0                3.35786    1         0
            5         0                3.80468    1         0
            6         0                4.07919    1         0
            7         0                4.43955    1         0
            8         0                4.76624    3         0
            9         0                5.07078    3         0
           10         0                5.30472    3         0
           11         1                5.59101    3         0
           12         2                5.93531    3         0
           13         3                 6.4741    3         0
           14         3                7.72296    3         0
           15         3                9.27346    3         0
           16         3                11.6488    3         0
           17         3                14.4946    3         0
           18         0                60.9275    1         0
           19         0                61.1894    1         0
           20         0                61.4274    1         0
           21         0                61.6337    1         0
           22         0                61.8965    1         0
           23         0                62.1622    1         0
           24         0                62.3859    1         0
           25         0                62.7589    3         0
           26         0                62.9638    3         0
           27         1                63.3823    3         0
           28         1                63.9853    3         0
           29         2                64.2171    3         0
           30         3                65.1743    3         0
           31         3                66.8409    3         0
           32         3                69.4462    3         0
           33         3                74.8728    3         0
           34         3                75.9872    3         0
           35         3                78.9428    3         0
           36         3                82.1006    3         0
           37         3                83.9282    3         0
           38         2                91.3481    3         0
           39         0                 104.46    3         0
           40         0                107.201    3         0
           41         0                109.115    3         0
           42         0                111.142    3         0
           43         0                113.121    3         0
           44         0                115.174    3         0
           45         1                116.816    3         0
           46         1                118.786    3         0
           47         1                122.154    3         0
           48         1                125.038    3         0
           49         2                125.148    3         0
           50         3                 125.32    3         0
           51         3                125.659    3         0
           52         4                125.997    3         0
           53         4                129.552    3         0
           54         0                166.735    1         0
           55         0                 178.35    1         0
           56         0                187.992    1         0
           57         0                190.174    1         0
           58         0                190.293    1         0
           59         0                190.416    1         0
           60         0                190.498    1         0
           61         0                190.616    1         0
           62         0                190.743    1         0
           63         0                190.844    3         0
           64         0                190.943    3         0
           65         0                191.063    3         0
           66         1                191.159    3         0
           67         2                191.266    3         0
           68         3                191.435    3         0
           69         3                191.687    3         0
           70         4                 192.46    3         0
           71         4                194.715    3         0
           72         4                197.041    3         0
           73         3                207.337    3         0
           74         3                208.803    3         0
           75         4                208.871    3         0
           76         3                 214.86    3         0
           77         0                256.796    1         0
           78         0                257.151    1         0
           79         0                257.436    1         0
           80         0                257.981    1         0
           81         0                258.136    1         0
           82         0                 258.32    1         0
           83         0                258.494    1         0
           84         0                 258.69    3         0
           85         0                 258.94    3         0
           86         1                259.217    3         0
           87         2                259.673    3         0
           88         2                260.881    3         0
           89         3                261.992    3         0
           90         2                267.735    3         0
           91         2                269.926    3         0
           92         2                273.662    3         0
           93         2                275.365    3         0
           94         3                277.032    3         0
           95         0                298.496    1         0
           96         0                316.077    1         0
           97         0                  320.1    1         0
           98         0                 320.38    1         0
           99         0                320.504    1         0
          100         0                320.725    1         0
          101         0                320.903    1         0
          102         0                321.062    3         0
          103         0                321.243    3         0
          104         1                321.355    3         0
          105         2                321.506    3         0
          106         3                321.749    3         0
          107         3                322.972    3         0
          108         3                324.822    3         0
          109         3                330.291    3         0
          110         3                332.493    3         0
          111         3                335.791    3         0
          112         3                337.799    3         0
          113         3                338.263    3         0
          114         4                339.008    3         0
          115         5                340.042    3         0
          116         5                343.946    3         0
          117         0                387.128    1         0
          118         0                387.311    1         0
          119         0                388.054    1         0
          120         0                388.425    1         0
          121         0                 388.83    1         0
          122         0                389.229    1         0
          123         0                389.639    1         0
          124         0                390.665    1         0
          125         0                392.019    3         0
          126         0                394.366    3         0
          127         0                398.035    3         0
