Segment_Index Download_Request_Sent Download_Start Download_End Segment_Size Download_OK
            0               2.04256         2.0971      2.10704         2503           Y
            1               2.10704        2.15606       2.4293        35831           Y
            2                2.4293         2.4783      2.97678        66730           Y
            3               2.97678        3.07187      3.35786        73820           Y
            4               3.35786        3.61534      3.80468        44968           Y
            5               3.80468        3.90616      4.07919        45196           Y
            6               4.07919        4.30707      4.43955        34927           Y
            7               4.43955        4.66871      4.76624        26077           Y
            8               4.76624        4.94466      5.07078        33314           Y
            9               5.07078        5.20541      5.30472        26544           Y
           10               5.30472        5.47504      5.59101        30756           Y
           11               5.59101        5.72786      5.93531        53906           Y
           12               5.93531        6.09304       6.4741        97856           Y
           13                6.4741        6.74618      7.72296       153051           Y
           14               7.72296        7.99558      9.27346       190130           Y
           15               9.27346        9.61103      11.6488       302771           Y
           16               11.6488         11.881      14.4946       315297           Y
           17               14.4946        15.0981      60.9275       351848           Y
           18               60.9275        60.9732      61.1894        44826           Y
           19               61.1894        61.2351      61.4274        43226           Y
           20               61.4274        61.4951      61.6337        43983           Y
           21               61.6337        61.6976      61.8965        83829           Y
           22               61.8965        61.9894      62.1622        70844           Y
           23               62.1622          62.29      62.3859        59232           Y
           24               62.3859        62.6646      62.7589        46623           Y
           25               62.7589        62.8973      62.9638        41554           Y
           26               62.9638        63.2426      63.3823        43573           Y
           27               63.3823        63.8005      63.9853        88181           Y
           28               63.9853        64.0875      64.2171        79517           Y
           29               64.2171        64.7386      65.1743       156488           Y
           30               65.1743        65.4804      66.8409       260984           Y
           31               66.8409        67.3044      69.4462       313206           Y
           32               69.4462        69.6715      74.8728       381393           Y
           33               74.8728        75.2113      75.9872       197785           Y
           34               75.9872        77.0172      78.9428       300810           Y
           35               78.9428        79.8785      82.1006       161790           Y
           36               82.1006        82.4829      83.9282       201675           Y
           37               83.9282        84.8266      91.3481       181698           Y
           38               91.3481        101.261       104.46        78491           Y
           39                104.46        106.475      107.201        18901           Y
           40               107.201        108.243      109.115        22439           Y
           41               109.115         110.34      111.142        20728           Y
           42               111.142        112.277      113.121        21738           Y
           43               113.121        114.309      115.174        22264           Y
           44               115.174        116.391      116.816        11653           Y
           45               116.816        117.483      118.786        32848           Y
           46               118.786        120.551      122.154        40058           Y
           47               122.154        124.293      125.038        33804           Y
           48               125.038        125.084      125.148        39948           Y
           49               125.148        125.233       125.32        53792           Y
           50                125.32        125.472      125.659       114093           Y
           51               125.659        125.932      125.997        40735           Y
           52               125.997        126.096      129.552       718689           Y
           53               129.552         131.09      166.735      1340460           Y
           54               166.735        175.747       178.35        64160           Y
           55                178.35        184.959      187.992        74514           Y
           56               187.992        190.056      190.174        72324           Y
           57               190.174         190.22      190.293        45364           Y
           58               190.293        190.338      190.416        45368           Y
           59               190.416        190.462      190.498        20151           Y
           60               190.498        190.543      190.616        45096           Y
           61               190.616        190.661      190.743        45970           Y
           62               190.743        190.788      190.844        29309           Y
           63               190.844         190.89      190.943        33199           Y
           64               190.943        190.988      191.063        39405           Y
           65               191.063        191.109      191.159        28869           Y
           66               191.159        191.205      191.266        32178           Y
           67               191.266        191.311      191.435        67434           Y
           68               191.435        191.481      191.687       116798           Y
           69               191.687        191.733       192.46       419439           Y
           70                192.46         192.65      194.715      1136693           Y
           71               194.715        194.761      197.041       586851           Y
           72               197.041        198.012      207.337       802613           Y
           73               207.337        208.205      208.803       152745           Y
           74               208.803        208.852      208.871         6390           Y
           75               208.871        209.203       214.86       742461           Y
           76                214.86        237.159      256.796       621049           Y
           77               256.796        257.028      257.151        75232           Y
           78               257.151         257.35      257.436        53519           Y
           79               257.436        257.794      257.981        65952           Y
           80               257.981        258.027      258.136        62981           Y
           81               258.136        258.182       258.32        76114           Y
           82                258.32        258.366      258.494        60954           Y
           83               258.494        258.539       258.69        67231           Y
           84                258.69        258.781       258.94        72418           Y
           85                258.94        259.096      259.217        57312           Y
           86               259.217        259.465      259.673        94871           Y
           87               259.673        260.067      260.881       158290           Y
           88               260.881        261.172      261.992       208863           Y
           89               261.992        263.291      267.735       622186           Y
           90               267.735        268.979      269.926       241061           Y
           91               269.926        270.571      273.662       321869           Y
           92               273.662         274.42      275.365       218704           Y
           93               275.365        276.329      277.032       179358           Y
           94               277.032        277.717      298.496       730044           Y
           95               298.496        313.845      316.077        23276           Y
           96               316.077        316.377        320.1        71074           Y
           97                 320.1         320.18       320.38        68780           Y
           98                320.38        320.441      320.504        38976           Y
           99               320.504        320.649      320.725        47316           Y
          100               320.725        320.808      320.903        58378           Y
          101               320.903        321.003      321.062        36884           Y
          102               321.062        321.186      321.243        36143           Y
          103               321.243        321.322      321.355        21050           Y
          104               321.355        321.441      321.506        40660           Y
          105               321.506        321.552      321.749       112701           Y
          106               321.749        321.824      322.972       505323           Y
          107               322.972        323.368      324.822       441615           Y
          108               324.822        325.243      330.291       355504           Y
          109               330.291        330.923      332.493       216096           Y
          110               332.493        333.208      335.791       196143           Y
          111               335.791        336.251      337.799       175761           Y
          112               337.799        337.938      338.263        83713           Y
          113               338.263        338.742      339.008        68824           Y
          114               339.008        339.402      340.042       163341           Y
          115               340.042        340.909      343.946       350229           Y
          116               343.946        344.657      387.128       896412           Y
          117               387.128        387.219      387.311        29039           Y
          118               387.311        387.977      388.054        47415           Y
          119               388.054        388.288      388.425        45165           Y
          120               388.425        388.694       388.83        61125           Y
          121                388.83        389.158      389.229        44047           Y
          122               389.229        389.524      389.639        35631           Y
          123               389.639        390.581      390.665        19762           Y
          124               390.665          391.7      392.019        74799           Y
          125               392.019        394.061      394.366        78543           Y
          126               394.366        396.702      398.035        65599           Y
