Segment_Index Playback_Start Quality_Level
            0        2.20704             0
            1        5.20704             0
            2        8.20704             0
            3         11.207             0
            4         14.207             0
            5         17.207             0
            6         20.207             0
            7         23.207             0
            8         26.207             0
            9         29.207             0
           10         32.207             0
           11         35.207             1
           12         38.207             2
           13         41.207             3
           14         44.207             3
           15         47.207             3
           16         50.207             3
           17        60.9275             3
           18        63.9275             0
           19        66.9275             0
           20        69.9275             0
           21        72.9275             0
           22        75.9275             0
           23        78.9275             0
           24        81.9275             0
           25        84.9275             0
           26        87.9275             0
           27        90.9275             1
           28        93.9275             1
           29        96.9275             2
           30        99.9275             3
           31        102.928             3
           32        105.928             3
           33        108.928             3
           34        111.928             3
           35        114.928             3
           36        117.928             3
           37        120.928             3
           38        123.928             2
           39        126.928             0
           40        129.928             0
           41        132.928             0
           42        135.928             0
           43        138.928             0
           44        141.928             0
           45        144.928             1
           46        147.928             1
           47        150.928             1
           48        153.928             1
           49        156.928             2
           50        159.928             3
           51        162.928             3
           52        165.928             4
           53        168.928             4
           54         178.35             0
           55        187.992             0
           56        190.992             0
           57        193.992             0
           58        196.992             0
           59        199.992             0
           60        202.992             0
           61        205.992             0
           62        208.992             0
           63        211.992             0
           64        214.992             0
           65        217.992             0
           66        220.992             1
           67        223.992             2
           68        226.992             3
           69        229.992             3
           70        232.992             4
           71        235.992             4
           72        238.992             4
           73        241.992             3
           74        244.992             3
           75        247.992             4
           76        256.796             3
           77        259.796             0
           78        262.796             0
           79        265.796             0
           80        268.796             0
           81        271.796             0
           82        274.796             0
           83        277.796             0
           84        280.796             0
           85        283.796             0
           86        286.796             1
           87        289.796             2
           88        292.796             2
           89        295.796             3
           90        298.796             2
           91        301.796             2
           92        304.796             2
           93        311.796             2
           94        320.096             3
           95        323.096             0
           96        326.096             0
           97        329.096             0
           98        332.096             0
           99        335.096             0
          100        338.096             0
          101        341.096             0
          102        344.096             0
          103        347.096             0
          104        350.096             1
          105        353.096             2
          106        356.096             3
          107        359.096             3
          108        362.096             3
          109        365.096             3
          110        368.096             3
          111        371.096             3
          112        374.096             3
          113        377.096             3
          114        380.096             4
          115        383.096             5
          116        387.128             5
          117        390.128             0
          118        393.128             0
          119        396.128             0
