Segment_Index Rep_Level Decision_Point_Of_Time Case DelayCase
            0         3                2.04243    0         0
            1         3                2.12852    1         0
            2         3                7.80321    1         0
            3         2                16.2299    1         0
            4         1                24.2756    1         0
            5         1                31.6762    3         0
            6         1                 34.583    4         0
            7         1                35.3097    3         0
            8         1                35.9071    3         0
            9         1                36.7297    4         0
           10         1                37.6399    4         0
           11         1                38.3247    4         0
           12         1                39.2391    4         0
           13         1                39.9179    4         0
           14         1                40.5497    4         0
           15         1                41.5265    3         0
           16         1                42.7503    3         0
           17         1                44.0152    3         0
           18         1                45.4539    3         0
           19         1                48.2127    3         0
           20         1                50.5343    3         0
           21         1                53.0688    3         0
           22         1                55.9157    3         0
           23         2                57.0769    0         0
           24         2                59.9697    0         0
           25         2                63.5835    0         0
           26         2                 67.158    0         0
           27         2                70.6386    0         0
           28         1                75.5134    1         0
           29         1                76.7909    3         0
           30         2                78.2145    0         0
           31         2                79.6021    0         0
           32         2                81.4723    0         0
           33         2                85.5862    0         0
           34         2                88.2083    0         0
           35         2                89.3474    0         0
           36         2                89.9444    0         0
           37         2                90.6823    0         0
           38         2                91.7773    0         0
           39         2                92.5445    0         0
           40         2                93.2781    0         0
           41         2                94.1308    0         0
           42         2                95.3354    0         0
           43         2                96.2622    0         0
           44         2                97.1047    0         0
           45         2                97.9394    0         0
           46         2                98.5782    0         0
           47         2                99.3436    3         1
           48         2                101.352    4         1
           49         2                104.474    4         1
           50         2                107.216    4         1
           51         2                110.121    4         1
           52         2                112.843    3         1
           53         2                116.942    3         1
           54         2                121.071    3         1
           55         2                 125.21    0         0
           56         2                 128.18    0         0
           57         2                131.831    0         0
           58         2                136.133    0         0
           59         2                139.665    0         0
           60         2                141.831    0         0
           61         2                144.024    0         0
           62         2                146.974    0         0
           63         2                 149.86    0         0
           64         2                151.165    3         1
           65         2                153.424    3         1
           66         2                155.799    4         1
           67         2                158.343    4         1
           68         2                161.341    4         1
           69         2                164.343    4         1
           70         2                168.344    4         1
           71         2                171.252    4         1
           72         2                173.625    4         1
           73         2                176.784    4         1
           74         2                  179.3    4         1
           75         2                181.757    3         1
           76         2                186.742    3         1
           77         2                191.163    0         0
           78         2                197.444    0         0
           79         2                201.068    0         0
           80         2                 203.94    0         0
           81         2                206.524    0         0
           82         2                209.934    0         0
           83         2                212.239    0         0
           84         2                216.196    0         0
           85         2                220.536    0         0
           86         2                222.738    0         0
           87         2                224.914    0         0
           88         2                227.235    0         0
           89         2                 231.17    0         0
           90         2                238.248    0         0
           91         2                242.678    0         0
           92         2                247.982    0         0
           93         2                251.487    0         0
           94         2                254.005    0         0
           95         2                 263.06    0         0
           96         2                263.979    0         0
           97         2                266.275    0         0
           98         2                269.823    0         0
           99         2                271.669    0         0
          100         2                274.748    0         0
          101         2                280.585    0         0
          102         2                282.972    0         0
          103         2                284.655    0         0
          104         2                285.467    0         0
          105         2                286.305    0         0
          106         2                 287.79    0         0
          107         2                290.212    0         0
          108         2                292.403    0         0
          109         2                293.973    0         0
          110         2                294.843    0         0
          111         2                295.789    0         0
          112         2                296.479    0         0
          113         2                 296.85    3         1
          114         2                298.996    4         1
          115         2                302.028    4         1
          116         2                305.062    4         1
          117         2                308.442    4         1
          118         2                311.848    4         1
          119         2                315.367    4         1
          120         2                318.441    3         1
          121         2                321.681    4         1
          122         2                324.124    4         1
          123         2                326.749    4         1
          124         2                 329.88    3         1
          125         2                334.949    0         0
          126         2                339.731    0         0
          127         2                 344.95    0         0
          128         2                349.873    0         0
          129         2                353.531    0         0
          130         2                355.626    0         0
          131         2                357.722    0         0
          132         2                358.975    0         0
          133         2                360.856    0         0
          134         2                362.651    0         0
          135         2                363.504    3         1
          136         2                365.764    3         1
          137         2                368.431    4         1
          138         2                371.754    4         1
          139         2                374.666    4         1
          140         2                377.864    4         1
          141         2                380.463    4         1
          142         2                 384.45    3         1
          143         2                388.391    3         1
          144         2                392.748    0         0
          145         2                395.652    0         0
          146         2                398.252    0         0
