Segment_Index Download_Request_Sent Download_Start Download_End Segment_Size Download_OK
            0               2.04243        2.09375      2.12852         4496           Y
            1               2.12852        2.26683      7.80321       499214           Y
            2               7.80321        8.47611      16.2299       825296           Y
            3               16.2299        18.4274      24.2756       457150           Y
            4               24.2756        27.8526      31.6762       120228           Y
            5               31.6762        32.3232       34.583       114716           Y
            6                34.583        34.7098      35.3097        85260           Y
            7               35.3097         35.526      35.9071        65960           Y
            8               35.9071        36.2275      36.7297        83530           Y
            9               36.7297        37.2344      37.6399        66028           Y
           10               37.6399        37.9119      38.3247        76042           Y
           11               38.3247        38.8742      39.2391        67382           Y
           12               39.2391        39.5824      39.9179        62090           Y
           13               39.9179        40.3206      40.5497        42838           Y
           14               40.5497        41.2491      41.5265        51568           Y
           15               41.5265        42.2863      42.7503        85324           Y
           16               42.7503        43.5645      44.0152        82874           Y
           17               44.0152        44.9393      45.4539        94430           Y
           18               45.4539        47.5767      48.2127       110584           Y
           19               48.2127         49.358      50.5343       104602           Y
           20               50.5343        51.3594      53.0688       112556           Y
           21               53.0688        54.5508      55.9157       204056           Y
           22               55.9157        56.0439      57.0769       170788           Y
           23               57.0769        57.3172      59.9697       367926           Y
           24               59.9697        60.6591      63.5835       309250           Y
           25               63.5835        64.6182       67.158       287796           Y
           26                67.158        68.1223      70.6386       288064           Y
           27               70.6386        71.7531      75.5134       280296           Y
           28               75.5134        76.2489      76.7909        99396           Y
           29               76.7909        77.6631      78.2145       101116           Y
           30               78.2145         78.609      79.6021       180962           Y
           31               79.6021        80.2678      81.4723       219144           Y
           32               81.4723        81.8126      85.5862       260346           Y
           33               85.5862        85.7416      88.2083       116350           Y
           34               88.2083        88.2596      89.3474       198060           Y
           35               89.3474        89.3986      89.9444       100054           Y
           36               89.9444        89.9957      90.6823       125546           Y
           37               90.6823        90.7336      91.7773       125504           Y
           38               91.7773        91.8286      92.5445       130818           Y
           39               92.5445        92.5958      93.2781       124748           Y
           40               93.2781        93.3294      94.1308       146250           Y
           41               94.1308        94.5722      95.3354       139352           Y
           42               95.3354        95.3867      96.2622       159678           Y
           43               96.2622        96.3135      97.1047       144444           Y
           44               97.1047        97.4922      97.9394        82282           Y
           45               97.9394        97.9907      98.5782       107600           Y
           46               98.5782        98.6295      99.3436       130496           Y
           47               100.676        100.728      101.352       114272           Y
           48               103.676        103.728      104.474       136428           Y
           49               106.676        106.728      107.216        89652           Y
           50               109.676        109.728      110.121        72460           Y
           51               112.676        112.728      112.843        22300           Y
           52               115.676        116.011      116.942       169740           Y
           53               118.676        119.208      121.071       338154           Y
           54               121.676        122.891       125.21       397714           Y
           55                125.21         125.33       128.18       467468           Y
           56                128.18        128.525      131.831       467194           Y
           57               131.831        132.634      136.133       396154           Y
           58               136.133        137.292      139.665       346844           Y
           59               139.665         140.54      141.831       139204           Y
           60               141.831        142.114      144.024       275762           Y
           61               144.024        144.537      146.974       309528           Y
           62               146.974        147.253       149.86       181334           Y
           63                149.86        149.911      151.165       228152           Y
           64               151.676        151.821      153.424       291186           Y
           65               154.676        154.728      155.799       195054           Y
           66               157.676        157.728      158.343       112692           Y
           67               160.676        160.728      161.341       112390           Y
           68               163.676        163.815      164.343        96952           Y
           69               166.676        166.807      168.344       279304           Y
           70               169.676        169.728      171.252       276954           Y
           71               172.676        172.728      173.625       163606           Y
           72               175.676        175.728      176.784       192418           Y
           73               178.676        178.728        179.3       104860           Y
           74               181.676        181.728      181.757         6794           Y
           75               184.676        185.445      186.742       235822           Y
           76               187.676        188.146      191.163       471608           Y
           77               191.163        192.066      197.444       504234           Y
           78               197.444        198.887      201.068       394274           Y
           79               201.068        201.575       203.94       421662           Y
           80                203.94        203.992      206.524       434594           Y
           81               206.524        207.303      209.934       390128           Y
           82               209.934        210.374      212.239       333200           Y
           83               212.239         212.92      216.196       395056           Y
           84               216.196        217.437      220.536       392216           Y
           85               220.536        220.737      222.738       312520           Y
           86               222.738        222.864      224.914       292432           Y
           87               224.914        225.579      227.235       263816           Y
           88               227.235        228.229       231.17       348104           Y
           89                231.17        232.361      238.248       384630           Y
           90               238.248        240.029      242.678       401768           Y
           91               242.678        243.539      247.982       536448           Y
           92               247.982        248.149      251.487       364506           Y
           93               251.487        251.848      254.005       298930           Y
           94               254.005        255.394       263.06       506754           Y
           95                263.06        263.112      263.979       153908           Y
           96               263.979        264.031      266.275       381116           Y
           97               266.275        266.854      269.823       430718           Y
           98               269.823        270.351      271.669       217872           Y
           99               271.669        271.748      274.748       382100           Y
          100               274.748         275.24      280.585       439114           Y
          101               280.585        281.266      282.972       282490           Y
          102               282.972        283.476      284.655       214572           Y
          103               284.655        284.707      285.467       138920           Y
          104               285.467        285.519      286.305       143526           Y
          105               286.305        286.759       287.79       187834           Y
          106                287.79        287.841      290.212       359676           Y
          107               290.212        290.567      292.403       333208           Y
          108               292.403        292.607      293.973       248296           Y
          109               293.973        294.024      294.843       149318           Y
          110               294.843        294.976      295.789       134352           Y
          111               295.789        295.841      296.479       116894           Y
          112               296.479        296.531       296.85        59076           Y
          113               298.676        298.728      298.996        50036           Y
          114               301.676        301.728      302.028        55758           Y
          115               304.676        304.728      305.062        61884           Y
          116               307.676        307.728      308.442       130606           Y
          117               310.676        310.876      311.848       176968           Y
          118               313.676        313.728      315.367       297708           Y
          119               316.676        317.063      318.441       250518           Y
          120               319.676        319.731      321.681       353984           Y
          121               322.676        322.728      324.124       253842           Y
          122               325.676        325.728      326.749       185970           Y
          123               328.676         329.36       329.88        95426           Y
          124               331.676        332.067      334.949       445862           Y
          125               334.949        335.758      339.731       460636           Y
          126               339.731        341.127       344.95       465384           Y
          127                344.95        346.723      349.873       417982           Y
          128               349.873        350.606      353.531       378544           Y
          129               353.531        353.967      355.626       301320           Y
          130               355.626        356.321      357.722       254788           Y
          131               357.722        357.773      358.975       218542           Y
          132               358.975        359.468      360.856       252372           Y
          133               360.856        361.152      362.651       206826           Y
          134               362.651        362.702      363.504       146240           Y
          135               364.676        364.728      365.764       188846           Y
          136               367.676        367.728      368.431       128668           Y
          137               370.676        370.728      371.754       186988           Y
          138               373.676        373.728      374.666       171006           Y
          139               376.676        376.728      377.864       206884           Y
          140               379.676        379.728      380.463       134354           Y
          141               382.676        383.319       384.45       205924           Y
          142               385.676        386.014      388.391       431032           Y
          143               388.676        390.086      392.748       339186           Y
          144               392.748        393.018      395.652       318504           Y
          145               395.652        395.852      398.252       317828           Y
