Segment_Index Playback_Start Quality_Level
            0        2.12852             3
            1        7.80321             3
            2        16.2299             3
            3        24.2756             2
            4        31.6762             1
            5        34.6762             1
            6        37.6762             1
            7        40.6762             1
            8        43.6762             1
            9        46.6762             1
           10        49.6762             1
           11        52.6762             1
           12        55.6762             1
           13        58.6762             1
           14        61.6762             1
           15        64.6762             1
           16        67.6762             1
           17        70.6762             1
           18        73.6762             1
           19        76.6762             1
           20        79.6762             1
           21        82.6762             1
           22        85.6762             1
           23        88.6762             2
           24        91.6762             2
           25        94.6762             2
           26        97.6762             2
           27        100.676             2
           28        103.676             1
           29        106.676             1
           30        109.676             2
           31        112.676             2
           32        115.676             2
           33        118.676             2
           34        121.676             2
           35        124.676             2
           36        127.676             2
           37        130.676             2
           38        133.676             2
           39        136.676             2
           40        139.676             2
           41        142.676             2
           42        145.676             2
           43        148.676             2
           44        151.676             2
           45        154.676             2
           46        157.676             2
           47        160.676             2
           48        163.676             2
           49        166.676             2
           50        169.676             2
           51        172.676             2
           52        175.676             2
           53        178.676             2
           54        181.676             2
           55        184.676             2
           56        187.676             2
           57        190.676             2
           58        193.676             2
           59        196.676             2
           60        199.676             2
           61        202.676             2
           62        205.676             2
           63        208.676             2
           64        211.676             2
           65        214.676             2
           66        217.676             2
           67        220.676             2
           68        223.676             2
           69        226.676             2
           70        229.676             2
           71        232.676             2
           72        235.676             2
           73        238.676             2
           74        241.676             2
           75        244.676             2
           76        247.676             2
           77        250.676             2
           78        253.676             2
           79        256.676             2
           80        259.676             2
           81        262.676             2
           82        265.676             2
           83        268.676             2
           84        271.676             2
           85        274.676             2
           86        277.676             2
           87        280.676             2
           88        283.676             2
           89        286.676             2
           90        289.676             2
           91        292.676             2
           92        295.676             2
           93        298.676             2
           94        301.676             2
           95        304.676             2
           96        307.676             2
           97        310.676             2
           98        313.676             2
           99        316.676             2
          100        319.676             2
          101        322.676             2
          102        325.676             2
          103        328.676             2
          104        331.676             2
          105        334.676             2
          106        337.676             2
          107        340.676             2
          108        343.676             2
          109        346.676             2
          110        349.676             2
          111        352.676             2
          112        355.676             2
          113        358.676             2
          114        361.676             2
          115        364.676             2
          116        367.676             2
          117        370.676             2
          118        373.676             2
          119        376.676             2
          120        379.676             2
          121        382.676             2
          122        385.676             2
          123        388.676             2
          124        391.676             2
          125        394.676             2
          126        397.676             2
