Segment_Index Rep_Level Decision_Point_Of_Time Case DelayCase
            0         3                2.04273    0         0
            1         3                2.11942    2         0
            2         3                5.90653    2         0
            3         3                11.5359    2         0
            4         3                18.4194    2         0
            5         2                27.8366    3         0
            6         2                28.9159    3         0
            7         2                29.7598    3         0
            8         2                30.4574    3         0
            9         2                31.4835    3         0
           10         3                32.3152    3         0
           11         3                 34.591    3         0
           12         2                37.9039    3         0
           13         2                38.8662    3         0
           14         2                39.5744    3         0
           15         2                40.3126    3         0
           16         2                41.2411    3         0
           17         2                42.2783    3         0
           18         2                43.5565    3         0
           19         3                44.9312    3         0
           20         3                48.2894    3         0
           21         2                52.9587    3         0
           22         2                55.4138    3         0
           23         2                60.4578    3         0
           24         2                62.9139    3         0
           25         2                64.6102    3         0
           26         2                66.9356    3         0
           27         2                68.1143    3         0
           28         2                70.6306    3         0
           29         2                72.7123    0         0
           30         2                 74.107    0         0
           31         2                75.2283    0         0
           32         2                76.2409    0         0
           33         2                77.6551    0         0
           34         2                 78.601    0         0
           35         2                80.2598    0         0
           36         2                81.8046    0         0
           37         2                 83.654    0         0
           38         2                84.1141    0         0
           39         2                84.5919    0         0
           40         2                85.0493    0         0
           41         2                85.5782    0         0
           42         2                86.0921    0         0
           43         2                86.6817    0         0
           44         2                87.2205    1         0
           45         2                88.1893    1         0
           46         2                91.5315    1         0
           47         2                94.5642    1         0
           48         2                97.4842    1         0
           49         2                100.333    1         0
           50         2                103.178    1         0
           51         2                106.121    1         0
           52         2                108.954    1         0
           53         2                112.444    1         0
           54         2                116.003    1         0
           55         2                  119.2    1         0
           56         2                 123.18    1         0
           57         2                131.899    0         0
           58         2                135.928    0         0
           59         2                137.284    0         0
           60         2                139.657    0         0
           61         2                142.106    0         0
           62         2                145.949    0         0
           63         2                146.966    0         0
           64         2                148.074    0         0
           65         2                149.417    1         0
           66         2                151.813    1         0
           67         2                154.254    1         0
           68         2                157.253    1         0
           69         2                160.202    1         0
           70         2                163.807    1         0
           71         2                166.799    1         0
           72         2                169.423    1         0
           73         2                172.519    1         0
           74         2                175.228    1         0
           75         2                177.902    1         0
           76         2                181.663    1         0
           77         2                 186.75    1         0
           78         2                191.155    0         0
           79         2                194.256    0         0
           80         2                197.113    0         0
           81         2                 201.06    0         0
           82         2                 210.82    0         0
           83         2                215.573    0         0
           84         2                222.856    0         0
           85         2                227.161    0         0
           86         2                228.321    0         0
           87         2                 230.91    0         0
           88         2                232.222    0         0
           89         2                233.846    0         0
           90         2                235.747    0         0
           91         2                 238.05    0         0
           92         2                241.462    0         0
           93         2                245.543    0         0
           94         2                248.141    0         0
           95         2                 251.84    0         0
           96         2                253.905    0         0
           97         2                255.386    0         0
           98         2                257.104    0         0
           99         2                258.196    0         0
          100         2                260.097    0         0
          101         2                263.068    0         0
          102         2                269.635    0         0
          103         2                 271.74    0         0
          104         2                273.611    0         0
          105         2                274.792    0         0
          106         2                 276.32    0         0
          107         2                278.331    0         0
          108         2                280.535    0         0
          109         2                281.562    1         0
          110         2                283.468    1         0
          111         2                286.751    1         0
          112         2                290.204    1         0
          113         2                292.599    1         0
          114         2                295.126    1         0
          115         2                298.065    1         0
          116         2                301.085    1         0
          117         2                304.314    1         0
          118         2                307.468    1         0
          119         2                310.868    1         0
          120         2                313.712    1         0
          121         2                317.055    1         0
          122         2                319.723    1         0
          123         2                322.497    1         0
          124         2                325.197    1         0
          125         2                329.888    1         0
          126         2                334.941    0         0
          127         2                338.448    0         0
          128         2                341.119    0         0
          129         2                344.482    0         0
          130         2                346.335    0         0
          131         2                348.353    1         0
          132         2                350.598    1         0
          133         2                353.523    1         0
          134         2                356.313    1         0
          135         2                 359.46    1         0
          136         2                361.867    1         0
          137         2                364.307    1         0
          138         2                367.501    1         0
          139         2                370.448    1         0
          140         2                373.567    1         0
          141         2                376.326    1         0
          142         2                379.564    1         0
          143         2                383.311    1         0
          144         2                386.006    1         0
          145         2                389.616    1         0
          146         2                 393.01    1         0
          147         2                395.644    1         0
          148         2                398.568    1         0
