Segment_Index Download_Request_Sent Download_Start Download_End Segment_Size Download_OK
            0               2.04273        2.10176      2.11942         3148           Y
            1               2.11942         2.1707      5.90653       349450           Y
            2               5.90653        6.34712      11.5359       577708           Y
            3               11.5359        12.8737      18.4194       686791           Y
            4               18.4194        21.9365      27.8366       513760           Y
            5               27.8366        27.8879      28.9159       187235           Y
            6               28.9159        28.9672      29.7598       138908           Y
            7               29.7598        29.8319      30.4574       102882           Y
            8               30.4574        30.6576      31.4835       133295           Y
            9               31.4835        31.6842      32.3152       115490           Y
           10               32.3152        32.8439       34.591       296596           Y
           11                34.591         34.822      37.9039       277954           Y
           12               37.9039        38.3327      38.8662        97856           Y
           13               38.8662        39.2471      39.5744        60604           Y
           14               39.5744        39.9259      40.3126        71296           Y
           15               40.3126        40.5577      41.2411       124947           Y
           16               41.2411        41.5345      42.2783       135874           Y
           17               42.2783        42.7583      43.5565       145706           Y
           18               43.5565        44.0232      44.9312       165550           Y
           19               44.9312        45.4619      48.2894       401911           Y
           20               48.2894        49.8513      52.9587       444002           Y
           21               52.9587        53.0768      55.4138       293544           Y
           22               55.4138        55.9237      60.4578       247508           Y
           23               60.4578        61.0757      62.9139       220756           Y
           24               62.9139        63.5915      64.6102       185550           Y
           25               64.6102        65.8919      66.9356       172678           Y
           26               66.9356         67.166      68.1143       172839           Y
           27               68.1143         69.708      70.6306       168178           Y
           28               70.6306        71.6409      72.7123       155994           Y
           29               72.7123        72.9125       74.107       156488           Y
           30                74.107        74.5876      75.2283       108578           Y
           31               75.2283        75.5214      76.2409       131487           Y
           32               76.2409        76.7989      77.6551       156208           Y
           33               77.6551        78.2226       78.601        69810           Y
           34                78.601        79.6101      80.2598       118836           Y
           35               80.2598        81.4804      81.8046        60033           Y
           36               81.8046         83.245       83.654        75328           Y
           37                83.654        83.7053      84.1141        75303           Y
           38               84.1141        84.1654      84.5919        78491           Y
           39               84.5919        84.6431      85.0493        74849           Y
           40               85.0493        85.1006      85.5782        87750           Y
           41               85.5782        85.6294      86.0921        83612           Y
           42               86.0921        86.1434      86.6817        95807           Y
           43               86.6817        86.7329      87.2205        86667           Y
           44               87.8366        87.9079      88.1893        49370           Y
           45               90.8366        91.1502      91.5315        64560           Y
           46               93.8366        94.1388      94.5642        78298           Y
           47               96.8366        97.1127      97.4842        68564           Y
           48               99.8366        99.8879      100.333        81857           Y
           49               102.837        102.888      103.178        53792           Y
           50               105.837        105.888      106.121        43476           Y
           51               108.837        108.888      108.954        13380           Y
           52               111.837        111.888      112.444       101844           Y
           53               114.837        114.888      116.003       202893           Y
           54               117.837        117.888        119.2       238629           Y
           55               120.837        121.191       123.18       280481           Y
           56               123.837        124.579      131.899       280317           Y
           57               131.899        133.427      135.928       237693           Y
           58               135.928        136.141      137.284       208107           Y
           59               137.284        139.183      139.657        83523           Y
           60               139.657        140.428      142.106       165458           Y
           61               142.106        142.835      145.949       185717           Y
           62               145.949        146.372      146.966       108801           Y
           63               146.966         147.14      148.074       136892           Y
           64               148.074        148.362      149.417       174712           Y
           65               150.837        151.173      151.813       117033           Y
           66               153.837        153.888      154.254        67616           Y
           67               156.837        156.888      157.253        67434           Y
           68               159.837        159.888      160.202        58172           Y
           69               162.837        162.888      163.807       167583           Y
           70               165.837        165.888      166.799       166173           Y
           71               168.837        168.888      169.423        98164           Y
           72               171.837        171.888      172.519       115451           Y
           73               174.837        174.888      175.228        62916           Y
           74               177.837        177.888      177.902         4077           Y
           75               180.837        180.888      181.663       141494           Y
           76               183.837        183.888       186.75       282965           Y
           77               186.837        186.888      191.155       302541           Y
           78               191.155        191.953      194.256       236565           Y
           79               194.256        195.577      197.113       252998           Y
           80               197.113        197.452       201.06       260757           Y
           81                201.06        201.567       210.82       234077           Y
           82                210.82        212.247      215.573       199920           Y
           83               215.573         216.71      222.856       237034           Y
           84               222.856        224.218      227.161       235330           Y
           85               227.161        227.243      228.321       187512           Y
           86               228.321        229.859       230.91       175460           Y
           87                230.91        231.314      232.222       158290           Y
           88               232.222        232.698      233.846       208863           Y
           89               233.846        234.358      235.747       230778           Y
           90               235.747         236.58       238.05       241061           Y
           91                238.05        238.256      241.462       321869           Y
           92               241.462        242.454      245.543       218704           Y
           93               245.543         246.76      248.141       179358           Y
           94               248.141        249.559       251.84       304053           Y
           95                251.84        253.362      253.905        92345           Y
           96               253.905        254.069      255.386       228670           Y
           97               255.386        255.538      257.104       258431           Y
           98               257.104        257.408      258.196       130724           Y
           99               258.196        258.692      260.097       229260           Y
          100               260.097         260.93      263.068       263469           Y
          101               263.068        263.224      269.635       169494           Y
          102               269.635        269.831       271.74       128744           Y
          103                271.74        272.702      273.611        83352           Y
          104               273.611        274.315      274.792        86116           Y
          105               274.792        275.704       276.32       112701           Y
          106                276.32        277.025      278.331       215806           Y
          107               278.331        279.332      280.535       199925           Y
          108               280.535        280.593      281.562       148978           Y
          109               282.837         282.98      283.468        89591           Y
          110               285.837        286.313      286.751        80612           Y
          111               288.837        289.823      290.204        70137           Y
          112               291.837        292.411      292.599        35446           Y
          113               294.837        294.888      295.126        30022           Y
          114               297.837        297.888      298.065        33455           Y
          115               300.837        300.888      301.085        37131           Y
          116               303.837        303.888      304.314        78364           Y
          117               306.837        306.888      307.468       106181           Y
          118               309.837        309.888      310.868       178625           Y
          119               312.837        312.888      313.712       150311           Y
          120               315.837        315.888      317.055       212391           Y
          121               318.837        318.888      319.723       152306           Y
          122               321.837        321.888      322.497       111582           Y
          123               324.837        324.888      325.197        57256           Y
          124               327.837        327.888      329.888       267518           Y
          125               330.837        330.888      334.941       276382           Y
          126               334.941        335.646      338.448       279231           Y
          127               338.448        339.739      341.119       250790           Y
          128               341.119        343.113      344.482       227127           Y
          129               344.482         345.27      346.335       180792           Y
          130               346.335        347.516      348.353       152873           Y
          131               348.837        349.881      350.598       131126           Y
          132               351.837        352.693      353.523       151424           Y
          133               354.837        355.634      356.313       124096           Y
          134               357.837        358.983       359.46        87744           Y
          135               360.837        360.888      361.867       113308           Y
          136               363.837        363.888      364.307        77201           Y
          137               366.837        366.888      367.501       112193           Y
          138               369.837        369.888      370.448       102604           Y
          139               372.837        372.888      373.567       124131           Y
          140               375.837        375.888      376.326        80613           Y
          141               378.837        378.888      379.564       123555           Y
          142               381.837        381.888      383.311       258620           Y
          143               384.837        384.888      386.006       203512           Y
          144               387.837        388.519      389.616       191103           Y
          145               390.837        391.873       393.01       190697           Y
          146               393.837        394.772      395.644       159152           Y
          147               396.837        397.535      398.568       174504           Y
