Segment_Index Playback_Start Quality_Level
            0        2.11942             3
            1        5.90653             3
            2        11.5359             3
            3        18.4194             3
            4        27.8366             3
            5        30.8366             2
            6        33.8366             2
            7        36.8366             2
            8        39.8366             2
            9        42.8366             2
           10        45.8366             3
           11        48.8366             3
           12        51.8366             2
           13        54.8366             2
           14        57.8366             2
           15        60.8366             2
           16        63.8366             2
           17        66.8366             2
           18        69.8366             2
           19        72.8366             3
           20        75.8366             3
           21        78.8366             2
           22        81.8366             2
           23        84.8366             2
           24        87.8366             2
           25        90.8366             2
           26        93.8366             2
           27        96.8366             2
           28        99.8366             2
           29        102.837             2
           30        105.837             2
           31        108.837             2
           32        111.837             2
           33        114.837             2
           34        117.837             2
           35        120.837             2
           36        123.837             2
           37        126.837             2
           38        129.837             2
           39        132.837             2
           40        135.837             2
           41        138.837             2
           42        141.837             2
           43        144.837             2
           44        147.837             2
           45        150.837             2
           46        153.837             2
           47        156.837             2
           48        159.837             2
           49        162.837             2
           50        165.837             2
           51        168.837             2
           52        171.837             2
           53        174.837             2
           54        177.837             2
           55        180.837             2
           56        183.837             2
           57        186.837             2
           58        189.837             2
           59        192.837             2
           60        195.837             2
           61        198.837             2
           62        201.837             2
           63        204.837             2
           64        207.837             2
           65        210.837             2
           66        213.837             2
           67        216.837             2
           68        219.837             2
           69        222.837             2
           70        225.837             2
           71        228.837             2
           72        231.837             2
           73        234.837             2
           74        237.837             2
           75        240.837             2
           76        243.837             2
           77        246.837             2
           78        249.837             2
           79        252.837             2
           80        255.837             2
           81        258.837             2
           82        261.837             2
           83        264.837             2
           84        267.837             2
           85        270.837             2
           86        273.837             2
           87        276.837             2
           88        279.837             2
           89        282.837             2
           90        285.837             2
           91        288.837             2
           92        291.837             2
           93        294.837             2
           94        297.837             2
           95        300.837             2
           96        303.837             2
           97        306.837             2
           98        309.837             2
           99        312.837             2
          100        315.837             2
          101        318.837             2
          102        321.837             2
          103        324.837             2
          104        327.837             2
          105        330.837             2
          106        333.837             2
          107        336.837             2
          108        339.837             2
          109        342.837             2
          110        345.837             2
          111        348.837             2
          112        351.837             2
          113        354.837             2
          114        357.837             2
          115        360.837             2
          116        363.837             2
          117        366.837             2
          118        369.837             2
          119        372.837             2
          120        375.837             2
          121        378.837             2
          122        381.837             2
          123        384.837             2
          124        387.837             2
          125        390.837             2
          126        393.837             2
          127        396.837             2
