Segment_Index Rep_Level Decision_Point_Of_Time Case DelayCase
            0         0                2.04234    0         0
            1         0                2.10813    1         0
            2         0                2.46898    1         0
            3         0                3.06615    1         0
            4         0                3.90043    1         0
            5         0                4.30135    1         0
            6         0                4.66299    1         0
            7         0                4.93893    1         0
            8         0                5.19969    1         0
            9         0                5.46932    3         0
           10         0                5.72214    3         0
           11         1                6.08732    3         0
           12         2                6.74046    3         0
           13         3                7.98986    3         0
           14         3                9.60531    3         0
           15         3                11.8753    3         0
           16         3                14.9607    3         0
           17         3                 17.237    3         0
           18         3                19.4523    3         0
           19         0                60.3524    1         0
           20         0                60.5071    1         0
           21         0                 60.668    1         0
           22         0                60.9501    1         0
           23         0                61.1923    1         0
           24         0                61.4205    1         0
           25         0                61.6279    3         0
           26         0                61.8199    3         0
           27         1                 61.987    3         0
           28         2                62.2876    3         0
           29         3                62.8948    3         0
           30         3                64.0851    3         0
           31         3                65.2172    3         0
           32         3                69.6658    3         0
           33         3                72.3797    3         0
           34         3                75.2056    3         0
           35         3                78.8684    3         0
           36         3                80.4314    3         0
           37         3                 82.062    3         0
           38         4                83.5603    3         0
           39         0                106.415    1         0
           40         0                108.183    3         0
           41         0                 110.28    3         0
           42         0                112.217    3         0
           43         0                114.249    3         0
           44         0                116.331    3         0
           45         1                117.423    3         0
           46         1                120.491    3         0
           47         0                124.233    3         0
           48         1                125.073    3         0
           49         2                125.231    3         0
           50         3                125.469    3         0
           51         3                125.929    3         0
           52         4                126.093    3         0
           53         4                129.369    3         0
           54         1                 144.91    3         0
           55         1                 145.77    3         0
           56         2                146.772    3         0
           57         2                149.224    3         0
           58         0                191.283    1         0
           59         0                192.458    1         0
           60         0                192.864    1         0
           61         0                193.979    1         0
           62         0                194.753    1         0
           63         0                195.061    1         0
           64         0                196.862    1         0
           65         0                198.201    1         0
           66         0                198.393    3         0
           67         0                198.518    3         0
           68         1                198.686    3         0
           69         2                198.914    3         0
           70         2                200.158    3         0
           71         3                201.479    3         0
           72         3                203.447    3         0
           73         3                206.608    3         0
           74         3                208.199    3         0
           75         4                208.839    3         0
           76         0                237.099    1         0
           77         0                245.404    1         0
           78         0                249.606    1         0
           79         0                252.624    1         0
           80         0                255.082    1         0
           81         0                255.285    1         0
           82         0                255.544    1         0
           83         0                255.808    3         0
           84         0                256.161    3         0
           85         1                256.636    3         0
           86         1                257.026    3         0
           87         2                257.347    3         0
           88         3                257.991    3         0
           89         3                261.166    3         0
           90         1                268.974    3         0
           91         2                270.565    3         0
           92         2                273.957    3         0
           93         2                277.712    3         0
           94         0                311.774    1         0
           95         0                320.086    1         0
           96         0                320.177    1         0
           97         0                320.439    1         0
           98         0                320.646    1         0
           99         0                320.806    1         0
          100         0                321.001    1         0
          101         0                321.183    1         0
          102         0                 321.32    3         0
          103         0                321.438    3         0
          104         1                 321.55    3         0
          105         2                321.821    3         0
          106         3                322.806    3         0
          107         3                324.936    3         0
          108         3                 328.96    3         0
          109         2                333.939    3         0
          110         3                334.792    3         0
          111         3                336.246    3         0
          112         3                337.933    3         0
          113         3                338.736    3         0
          114         4                339.397    3         0
          115         5                340.903    3         0
          116         4                344.245    3         0
          117         0                380.694    1         0
          118         0                382.863    1         0
          119         0                385.047    1         0
          120         0                385.206    1         0
          121         0                385.419    1         0
          122         0                385.609    1         0
          123         0                385.823    3         0
          124         0                386.051    3         0
          125         1                386.461    3         0
          126         2                387.113    3         0
          127         2                388.056    3         0
          128         3                389.156    3         0
          129         3                391.374    3         0
          130         2                397.787    3         0
