Segment_Index Download_Request_Sent Download_Start Download_End Segment_Size Download_OK
            0               2.04234        2.09137      2.10813         3128           Y
            1               2.10813         2.1675      2.46898        44788           Y
            2               2.46898        2.68429      3.06615        83412           Y
            3               3.06615        3.36358      3.90043        92274           Y
            4               3.90043        4.08491      4.30135        56210           Y
            5               4.30135        4.44527      4.66299        56494           Y
            6               4.66299        4.77196      4.93893        43658           Y
            7               4.93893         5.0765      5.19969        32596           Y
            8               5.19969        5.31044      5.46932        41642           Y
            9               5.46932        5.59673      5.72214        33180           Y
           10               5.72214        5.94104      6.08732        38444           Y
           11               6.08732        6.47982      6.74046        67382           Y
           12               6.74046        7.16388      7.98986       163092           Y
           13               7.98986        8.51628      9.60531       218644           Y
           14               9.60531         10.372      11.8753       271614           Y
           15               11.8753        13.1213      14.9607       432530           Y
           16               14.9607        15.4283       17.237       450424           Y
           17                17.237        17.2885      19.4523       502640           Y
           18               19.4523        22.1797      60.3524       582204           Y
           19               60.3524        60.3981      60.5071        54032           Y
           20               60.5071        60.5575       60.668        54978           Y
           21                60.668        60.7209      60.9501       104786           Y
           22               60.9501        61.0309      61.1923        88554           Y
           23               61.1923        61.2471      61.4205        74040           Y
           24               61.4205        61.4662      61.6279        58278           Y
           25               61.6279        61.6736      61.8199        51942           Y
           26               61.8199        61.8989       61.987        54466           Y
           27                61.987        62.0927      62.2876       110226           Y
           28               62.2876        62.3883      62.8948       259990           Y
           29               62.8948        62.9662      64.0851       543780           Y
           30               64.0851        64.2195      65.2172       372834           Y
           31               65.2172        65.9239      69.6658       447436           Y
           32               69.6658        69.8031      72.3797       544846           Y
           33               72.3797        73.5601      75.2056       282550           Y
           34               75.2056         75.993      78.8684       429728           Y
           35               78.8684         79.415      80.4314       231128           Y
           36               80.4314        80.6031       82.062       288106           Y
           37                82.062         82.111      83.5603       259568           Y
           38               83.5603        83.9339      106.415       529286           Y
           39               106.415        107.261      108.183        23626           Y
           40               108.183        109.175       110.28        28048           Y
           41                110.28        111.202      112.217        25910           Y
           42               112.217        113.181      114.249        27172           Y
           43               114.249        115.234      116.331        27830           Y
           44               116.331        116.876      117.423        14566           Y
           45               117.423        118.846      120.491        41060           Y
           46               120.491        122.214      124.233        50072           Y
           47               124.233        125.041      125.073        21066           Y
           48               125.073        125.151      125.231        49934           Y
           49               125.231        125.323      125.469        89652           Y
           50               125.469        125.661      125.929       162990           Y
           51               125.929        125.999      126.093        58192           Y
           52               126.093        126.483      129.369       958252           Y
           53               129.369        129.857       144.91      1787280           Y
           54                144.91        145.059       145.77       166780           Y
           55                145.77        145.924      146.772       192670           Y
           56               146.772        146.972      149.224       467194           Y
           57               149.224        152.091      191.283       396154           Y
           58               191.283        191.381      192.458        56710           Y
           59               192.458        192.638      192.864        25188           Y
           60               192.864        193.141      193.979        56370           Y
           61               193.979        194.482      194.753        57462           Y
           62               194.753        194.912      195.061        36636           Y
           63               195.061        196.686      196.862        41498           Y
           64               196.862        197.903      198.201        49256           Y
           65               198.201         198.25      198.393        36086           Y
           66               198.393        198.442      198.518        20736           Y
           67               198.518        198.567      198.686        28548           Y
           68               198.686        198.735      198.914        43902           Y
           69               198.914        198.963      200.158       279304           Y
           70               200.158        200.207      201.479       276954           Y
           71               201.479        201.536      203.447       338794           Y
           72               203.447        203.676      206.608       429164           Y
           73               206.608        207.342      208.199       218206           Y
           74               208.199        208.808      208.839         9128           Y
           75               208.839        208.888      237.099       989948           Y
           76               237.099        240.564      245.404        81862           Y
           77               245.404        245.584      249.606        94040           Y
           78               249.606        249.907      252.624        66898           Y
           79               252.624        253.045      255.082        82440           Y
           80               255.082        255.128      255.285        78726           Y
           81               255.285        255.331      255.544        95142           Y
           82               255.544         255.64      255.808        76192           Y
           83               255.808        255.976      256.161        84038           Y
           84               256.161        256.433      256.636        90522           Y
           85               256.636        256.799      257.026       138154           Y
           86               257.026        257.153      257.347       118588           Y
           87               257.347        257.439      257.991       263816           Y
           88               257.991        258.068      261.166       803392           Y
           89               261.166        261.997      268.974       888836           Y
           90               268.974        269.932      270.565       161560           Y
           91               270.565        271.583      273.957       536448           Y
           92               273.957        275.568      277.712       364506           Y
           93               277.712        279.497      311.774       298930           Y
           94               311.774        314.085      320.086        79684           Y
           95               320.086        320.131      320.177        29094           Y
           96               320.177        320.252      320.439        88842           Y
           97               320.439        320.506      320.646        85974           Y
           98               320.646        320.727      320.806        48720           Y
           99               320.806        320.905      321.001        59144           Y
          100               321.001        321.065      321.183        72972           Y
          101               321.183        321.246       321.32        46104           Y
          102                321.32        321.366      321.438        45178           Y
          103               321.438        321.508       321.55        26312           Y
          104                321.55        321.727      321.821        50824           Y
          105               321.821        322.114      322.806       187834           Y
          106               322.806        322.974      324.936       721890           Y
          107               324.936        325.735       328.96       630878           Y
          108                328.96        330.749      333.939       507862           Y
          109               333.939        334.133      334.792       149318           Y
          110               334.792        335.061      336.246       280204           Y
          111               336.246        336.629      337.933       251086           Y
          112               337.933        338.269      338.736       119590           Y
          113               338.736        339.014      339.397        98320           Y
          114               339.397        340.048      340.903       217788           Y
          115               340.903        342.253      344.245       437786           Y
          116               344.245        344.963      380.694       609564           Y
          117               380.694        381.415      382.863        36298           Y
          118               382.863        383.163      385.047        59268           Y
          119               385.047        385.093      385.206        56456           Y
          120               385.206        385.252      385.419        76406           Y
          121               385.419        385.487      385.609        55058           Y
          122               385.609        385.729      385.823        44538           Y
          123               385.823        386.003      386.051        24702           Y
          124               386.051         386.27      386.461        93498           Y
          125               386.461        386.716      387.113       187280           Y
          126               387.113        387.159      388.056       465384           Y
          127               388.056          388.3      389.156       417982           Y
          128               389.156        389.231      391.374       760088           Y
          129               391.374        392.539      397.787       606134           Y
