Segment_Index Playback_Start Quality_Level
            0        2.10813             0
            1        5.10813             0
            2        8.10813             0
            3        11.1081             0
            4        14.1081             0
            5        17.1081             0
            6        20.1081             0
            7        23.1081             0
            8        26.1081             0
            9        29.1081             0
           10        32.1081             0
           11        35.1081             1
           12        38.1081             2
           13        41.1081             3
           14        44.1081             3
           15        47.1081             3
           16        50.1081             3
           17        61.0081             3
           18        64.0081             3
           19        67.0081             0
           20        70.0081             0
           21        73.0081             0
           22        76.0081             0
           23        79.0081             0
           24        82.0081             0
           25        85.0081             0
           26        88.0081             0
           27        91.0081             1
           28        94.0081             2
           29        97.0081             3
           30        100.008             3
           31        103.008             3
           32        106.008             3
           33        109.008             3
           34        112.008             3
           35        115.008             3
           36        118.008             3
           37        121.008             3
           38        124.008             4
           39        127.008             0
           40        130.008             0
           41        133.008             0
           42        136.008             0
           43        139.008             0
           44        142.008             0
           45        145.008             1
           46        148.008             1
           47        151.008             0
           48        154.008             1
           49        157.008             2
           50        160.008             3
           51        163.008             3
           52        166.008             4
           53        169.008             4
           54        178.408             1
           55        188.008             1
           56        191.008             2
           57        194.008             2
           58        197.008             0
           59        200.008             0
           60        203.008             0
           61        206.008             0
           62        209.008             0
           63        212.008             0
           64        215.008             0
           65        218.008             0
           66        221.008             0
           67        224.008             0
           68        227.008             1
           69        230.008             2
           70        233.008             2
           71        236.008             3
           72        239.008             3
           73        242.008             3
           74        245.008             3
           75        248.008             4
           76        256.808             0
           77        259.808             0
           78        262.808             0
           79        265.808             0
           80        268.808             0
           81        271.808             0
           82        274.808             0
           83        277.808             0
           84        280.808             0
           85        283.808             1
           86        286.808             1
           87        289.808             2
           88        292.808             3
           89        295.808             3
           90        298.808             1
           91        301.808             2
           92        304.808             2
           93        311.774             2
           94        320.086             0
           95        323.086             0
           96        326.086             0
           97        329.086             0
           98        332.086             0
           99        335.086             0
          100        338.086             0
          101        341.086             0
          102        344.086             0
          103        347.086             0
          104        350.086             1
          105        353.086             2
          106        356.086             3
          107        359.086             3
          108        362.086             3
          109        365.086             2
          110        368.086             3
          111        371.086             3
          112        374.086             3
          113        377.086             3
          114        380.086             4
          115        383.086             5
          116        387.186             4
          117        390.186             0
          118        393.186             0
          119        396.186             0
