Segment_Index Rep_Level Decision_Point_Of_Time Case DelayCase
            0         0                2.09632    0         0
            1         0                2.19381 2193815         0
            2         0                2.61544 129322977905121         0
            3         0                3.01695 129322977905121         0
            4         0                3.45236 129322977905121         0
            5         0                3.75244 129322977905121         0
            6         0                 3.9756 129322977905121         0
            7         0                4.13066 129322977905121         0
            8         1                 4.3017 129322977905121         0
            9         1                 4.4099 129322977905121         0
           10         1                4.51659 129322977905121         0
           11         1                4.61834 129322977905121         0
           12         1                4.71969 129322977905121         0
           13         1                4.82099 129322977905121         0
           14         1                4.92716 129322977905121         0
           15         1                 5.0279 129322977905121         0
           16         1                 5.1302 129322977905121         0
           17         1                5.23228 129322977905121         0
           18         1                5.33487 129322977905121         0
           19         1                5.43811 129322977905121         0
           20         1                 5.5412 129322977905121         0
           21         1                5.64436 129322977905121         0
           22         1                5.75167 129322977905121         0
           23         1                8.29975 129322977905121         0
           24         1                11.2985 129322977905121         0
           25         1                14.2972 129322977905121         0
           26         1                17.2967 129322977905121         0
           27         1                20.2969 129322977905121         0
           28         1                23.2972 129322977905121         0
           29         1                26.2966 129322977905121         0
           30         1                29.2965 129322977905121         0
           31         1                32.2954 129322977905121         0
           32         1                35.2972 129322977905121         0
           33         1                 38.299 129322977905121         0
           34         1                41.2939 129322977905121         0
           35         1                44.2953 129322977905121         0
           36         1                47.2936 129322977905121         0
           37         1                 50.294 129322977905121         0
           38         1                53.2943 129322977905121         0
           39         1                56.2944 129322977905121         0
           40         1                59.2943 129322977905121         0
