Segment_Index Download_Request_Sent Download_Start Download_End Segment_Size Download_OK
            0               2.09632        2.19381      2.19381          473           Y
            1               2.19381        2.29357      2.61544       118545           Y
            2               2.61544        2.71524      3.01695       191713           Y
            3               3.01695        3.11674      3.45236       171410           Y
            4               3.45236        3.55211      3.75244       138454           Y
            5               3.75244        3.85223       3.9756       111590           Y
            6                3.9756        4.07539      4.13066        68055           Y
            7               4.13066        4.23041       4.3017        65128           Y
            8                4.3017        4.40764       4.4099         4164           Y
            9                4.4099         4.5126      4.51659         3320           Y
           10               4.51659        4.61634      4.61834         3844           Y
           11               4.61834        4.71809      4.71969         3338           Y
           12               4.71969        4.81943      4.82099         3294           Y
           13               4.82099         4.9253      4.92716         2220           Y
           14               4.92716        5.02695       5.0279         2574           Y
           15                5.0279        5.12769       5.1302         4430           Y
           16                5.1302        5.22999      5.23228         4202           Y
           17               5.23228        5.33203      5.33487         4840           Y
           18               5.33487        5.43466      5.43811         5603           Y
           19               5.43811         5.5379       5.5412         5403           Y
           20                5.5412        5.64099      5.64436         5498           Y
           21               5.64436        5.74415      5.75167        10479           Y
           22               8.19382        8.29356      8.29975         8855           Y
           23               11.1938        11.2936      11.2985         7404           Y
           24               14.1938        14.2936      14.2972         5828           Y
           25               17.1938        17.2936      17.2967         5194           Y
           26               20.1938        20.2936      20.2969         5447           Y
           27               23.1938        23.2936      23.2972         5792           Y
           28               26.1938        26.2936      26.2966         5054           Y
           29               29.1938        29.2936      29.2965         5013           Y
           30               32.1938        32.2936      32.2954         3591           Y
           31               35.1938        35.2936      35.2972         4344           Y
           32               38.1938        38.2936       38.299         5035           Y
           33               41.1938        41.2936      41.2939         1761           Y
           34               44.1938        44.2936      44.2953         3548           Y
           35               47.1938        47.2936      47.2936         1477           Y
           36               50.1938        50.2936       50.294         1903           Y
           37               53.1938        53.2936      53.2943         2321           Y
           38               56.1938        56.2936      56.2944         2387           Y
           39               59.1938        59.2936      59.2943         2363           Y
