Segment_Index Playback_Start Quality_Level
            0        2.19381             0
            1        5.19381             0
            2        8.19382             0
            3        11.1938             0
            4        14.1938             0
            5        17.1938             0
            6        20.1938             0
            7        23.1938             0
            8        26.1938             1
            9        29.1938             1
           10        32.1938             1
           11        35.1938             1
           12        38.1938             1
           13        41.1938             1
           14        44.1938             1
           15        47.1938             1
           16        50.1938             1
           17        53.1938             1
           18        56.1938             1
           19        59.1938             1
