     Time_Now Bytes Received 
      2.19381           473
      2.29357          1448
      2.29477          1448
      2.29717          1448
      2.30078          1448
      2.30318          1448
      2.30678          1448
      2.30919          1448
      2.31279          1448
       2.3152          1448
       2.3188          1448
       2.3945          1448
       2.3957          1448
       2.3969          1448
      2.40051          1448
      2.40412          1448
      2.40772          1448
      2.41012          1448
      2.41253          1448
      2.41733          1448
      2.41974          1448
      2.42094          1448
      2.42454          1448
      2.42815          1448
      2.43175          1448
      2.43407          1448
      2.43528          1448
      2.43648          1448
      2.43768          1448
      2.43888          1448
      2.44008          1448
      2.49544          1448
      2.49664          1448
      2.49784          1448
      2.49904          1448
      2.50024          1448
      2.50145          1448
      2.50265          1448
      2.50385          1448
      2.50745          1448
      2.50866          1448
      2.50986          1448
      2.51106          1448
      2.51226          1448
      2.51346          1448
      2.51466          1448
      2.51586          1448
      2.51947          1448
      2.52067          1448
      2.52187          1448
      2.52307          1448
      2.52428          1448
      2.52548          1448
      2.52668          1448
      2.52788          1448
      2.53149          1448
      2.53509          1448
      2.53749          1448
       2.5411          1448
       2.5435          1448
      2.54711          1448
      2.54951          1448
      2.55312          1448
      2.55552          1448
      2.55912          1448
      2.56153          1448
      2.56513          1448
      2.56753          1448
      2.57114          1448
      2.57354          1448
      2.57715          1448
      2.60238          1448
      2.60358          1448
      2.60478          1448
      2.60598          1448
      2.60719          1448
      2.60839          1448
      2.60959          1448
      2.61079          1448
      2.61199          1448
       2.6132          1448
       2.6144          1448
      2.61544          1257
      2.71524          1448
      2.71644          1448
      2.71764          1448
      2.71884          1448
      2.72005          1448
      2.72125          1448
      2.72245          1448
      2.72365          1448
      2.72485          1448
      2.72605          1448
      2.72726          1448
      2.72846          1448
      2.72966          1448
      2.73086          1448
      2.73206          1448
      2.73326          1448
      2.73447          1448
      2.73567          1448
      2.73687          1448
      2.73807          1448
      2.73927          1448
      2.74047          1448
      2.74167          1448
      2.74288          1448
      2.74408          1448
      2.74528          1448
      2.74648          1448
      2.74768          1448
      2.75009          1448
      2.75369          1448
      2.75609          1448
       2.7597          1448
       2.7621          1448
      2.76571          1448
      2.76811          1448
      2.77171          1448
      2.77412          1448
      2.77772          1448
      2.78013          1448
      2.78373          1448
      2.78613          1448
      2.78974          1448
      2.79214          1448
      2.79575          1448
      2.79815          1448
      2.80175          1448
      2.80416          1448
      2.80776          1448
      2.81017          1448
      2.81377          1448
      2.81617          1448
      2.81978          1448
      2.82218          1448
      2.82579          1448
      2.82819          1448
       2.8318          1448
       2.8342          1448
       2.8378          1448
      2.84021          1448
      2.84381          1448
      2.84621          1448
      2.84982          1448
      2.85222          1448
      2.85583          1448
      2.85823          1448
      2.86184          1448
      2.86424          1448
      2.86784          1448
      2.87025          1448
      2.87385          1448
      2.87594          1448
      2.87714          1448
      2.87834          1448
      2.87954          1448
      2.88074          1448
      2.88194          1448
      2.88314          1448
      2.88435          1448
      2.88555          1448
      2.88675          1448
      2.88795          1448
      2.88915          1448
      2.89036          1448
      2.89156          1448
      2.89276          1448
      2.89396          1448
      2.89516          1448
      2.89636          1448
      2.89756          1448
      2.89877          1448
      3.01695         61393
      3.11674          1448
      3.11795          1448
      3.11915          1448
      3.12275          1448
      3.12516          1448
      3.12876          1448
      3.13116          1448
      3.13477          1448
      3.13717          1448
      3.14078          1448
      3.14318          1448
      3.14678          1448
      3.14919          1448
      3.15279          1448
       3.1552          1448
       3.1588          1448
       3.1612          1448
      3.16481          1448
      3.16721          1448
      3.17082          1448
      3.17322          1448
      3.17683          1448
      3.17923          1448
      3.18283          1448
      3.18524          1448
      3.18884          1448
      3.19124          1448
      3.21768          1448
      3.21888          1448
      3.22008          1448
      3.22249          1448
      3.22369          1448
      3.22489          1448
       3.2285          1448
       3.2297          1448
       3.2309          1448
       3.2345          1448
       3.2357          1448
      3.23691          1448
      3.24051          1448
      3.24171          1448
      3.24291          1448
      3.24652          1448
      3.24772          1448
      3.24892          1448
      3.25253          1448
      3.25373          1448
      3.25493          1448
      3.25854          1448
      3.25974          1448
      3.26094          1448
      3.26454          1448
      3.26574          1448
      3.26695          1448
      3.27055          1448
      3.27175          1448
      3.27295          1448
      3.27656          1448
      3.27776          1448
      3.27896          1448
      3.28257          1448
      3.28377          1448
      3.28497          1448
      3.28857          1448
      3.28978          1448
      3.29098          1448
      3.33013          1448
      3.33134          1448
      3.33254          1448
      3.33374          1448
      3.33494          1448
      3.33614          1448
      3.33734          1448
      3.33854          1448
      3.33975          1448
      3.34095          1448
      3.34215          1448
      3.34335          1448
      3.34455          1448
      3.34576          1448
      3.34696          1448
      3.34816          1448
      3.34936          1448
      3.35056          1448
      3.35176          1448
      3.35297          1448
      3.35417          1448
      3.35537          1448
      3.35657          1448
      3.35777          1448
      3.35897          1448
      3.36017          1448
      3.36138          1448
      3.36428          1448
      3.36548          1448
      3.36668          1448
      3.36788          1448
      3.36908          1448
      3.37149          1448
      3.37269          1448
      3.37629          1448
       3.3775          1448
       3.3787          1448
       3.3799          1448
       3.3835          1448
       3.3847          1448
      3.38591          1448
      3.38831          1448
      3.38951          1448
      3.39071          1448
      3.39191          1448
      3.43386          1448
      3.43626          1448
      3.43986          1448
      3.44227          1448
      3.44587          1448
      3.44828          1448
      3.45188          1448
      3.45236           546
      3.55211          1448
      3.55331          1448
      3.55451          1448
      3.55572          1448
      3.55692          1448
      3.55812          1448
      3.55932          1448
      3.56052          1448
      3.56293          1448
      3.56533          1448
      3.56893          1448
      3.57134          1448
      3.57494          1448
      3.57735          1448
      3.58095          1448
      3.58335          1448
      3.58696          1448
      3.58936          1448
      3.59297          1448
      3.59537          1448
      3.59897          1448
      3.60138          1448
      3.60498          1448
      3.60738          1448
      3.61099          1448
      3.61339          1448
        3.617          1448
      3.61912          1448
      3.62032          1448
      3.62152          1448
      3.62273          1448
      3.62393          1448
      3.62513          1448
      3.62633          1448
      3.62753          1448
      3.62873          1448
      3.62994          1448
      3.63114          1448
      3.63234          1448
      3.63354          1448
      3.63474          1448
      3.63594          1448
      3.63714          1448
      3.63835          1448
      3.63955          1448
      3.64075          1448
      3.64195          1448
      3.64315          1448
      3.64436          1448
      3.64556          1448
      3.64676          1448
      3.64796          1448
      3.65305          1448
      3.65425          1448
      3.65545          1448
      3.65665          1448
      3.65785          1448
      3.65905          1448
      3.66026          1448
      3.66146          1448
      3.66266          1448
      3.66386          1448
      3.66506          1448
      3.66627          1448
      3.66747          1448
      3.67107          1448
      3.67227          1448
      3.67708          1448
      3.67828          1448
      3.68309          1448
      3.68429          1448
      3.68549          1448
       3.6891          1448
       3.6903          1448
       3.6951          1448
      3.69631          1448
      3.69751          1448
      3.70111          1448
      3.70231          1448
      3.70712          1448
      3.70832          1448
      3.71313          1448
      3.71433          1448
      3.71553          1448
      3.72044          1448
      3.72404          1448
      3.72645          1448
      3.73005          1448
      3.73246          1448
      3.73606          1448
      3.73846          1448
      3.74207          1448
      3.74447          1448
      3.74808          1448
      3.75048          1448
      3.75244           894
      3.85223          1448
      3.85344          1448
      3.85464          1448
      3.85584          1448
      3.85944          1448
      3.86185          1448
      3.86545          1448
      3.86786          1448
      3.87146          1448
      3.87386          1448
      3.87747          1448
      3.87987          1448
      3.88348          1448
      3.88588          1448
      3.88948          1448
      3.89189          1448
      3.89549          1448
       3.8979          1448
       3.9015          1448
       3.9039          1448
      3.90751          1448
      3.90939          1448
      3.91059          1448
      3.91179          1448
      3.91299          1448
       3.9142          1448
       3.9154          1448
       3.9166          1448
       3.9178          1448
        3.919          1448
       3.9202          1448
      3.92141          1448
      3.92261          1448
      3.92381          1448
      3.92501          1448
      3.92621          1448
      3.92741          1448
      3.92862          1448
      3.92982          1448
      3.93102          1448
      3.93222          1448
      3.93342          1448
      3.93462          1448
      3.93582          1448
      3.93703          1448
      3.93823          1448
      3.93943          1448
      3.94063          1448
      3.94183          1448
      3.94303          1448
      3.94424          1448
      3.94544          1448
      3.94664          1448
      3.94784          1448
      3.94904          1448
      3.95024          1448
      3.95145          1448
      3.95265          1448
      3.95385          1448
      3.95505          1448
      3.95625          1448
      3.95745          1448
      3.95865          1448
      3.95986          1448
      3.96106          1448
      3.96226          1448
      3.96346          1448
      3.96466          1448
      3.96586          1448
      3.96707          1448
      3.96827          1448
      3.96947          1448
      3.97067          1448
      3.97187          1448
      3.97307          1448
      3.97428          1448
      3.97548          1448
       3.9756            94
      4.07539          1448
      4.07659          1448
      4.07779          1448
      4.07899          1448
      4.08019          1448
       4.0814          1448
       4.0826          1448
       4.0838          1448
        4.085          1448
       4.0862          1448
       4.0874          1448
      4.08861          1448
      4.08981          1448
      4.09101          1448
      4.09221          1448
      4.09341          1448
      4.09461          1448
      4.09581          1448
      4.09702          1448
      4.09822          1448
      4.09942          1448
      4.10062          1448
      4.10182          1448
      4.10302          1448
      4.10423          1448
      4.10543          1448
      4.10663          1448
      4.10783          1448
      4.10903          1448
      4.11023          1448
      4.11144          1448
      4.11264          1448
      4.11384          1448
      4.11504          1448
      4.11624          1448
      4.11744          1448
      4.11865          1448
      4.11985          1448
      4.12105          1448
      4.12225          1448
      4.12345          1448
      4.12465          1448
      4.12585          1448
      4.12706          1448
      4.12826          1448
      4.12946          1448
      4.13066          1447
      4.23041          1448
      4.23161          1448
      4.23281          1448
      4.23401          1448
      4.23522          1448
      4.23642          1448
      4.23762          1448
      4.23882          1448
      4.24002          1448
      4.24122          1448
      4.24243          1448
      4.24363          1448
      4.24483          1448
      4.24603          1448
      4.24723          1448
      4.24843          1448
      4.24963          1448
      4.25084          1448
      4.25204          1448
      4.25324          1448
      4.25444          1448
      4.25564          1448
      4.25685          1448
      4.25925          1448
      4.26165          1448
      4.26526          1448
      4.26766          1448
      4.27126          1448
      4.27367          1448
      4.27727          1448
      4.27968          1448
      4.28328          1448
      4.28568          1448
      4.28851          1448
      4.28971          1448
      4.29091          1448
      4.29211          1448
      4.29332          1448
      4.29452          1448
      4.29572          1448
      4.29692          1448
      4.29812          1448
      4.29932          1448
      4.30053          1448
       4.3017          1416
      4.40764          1448
      4.40884          1448
       4.4099          1268
       4.5126          1448
      4.51501          1448
      4.51659           424
      4.61634          1448
      4.61754          1448
      4.61834           948
      4.71809          1448
      4.71929          1448
      4.71969           442
      4.81943          1448
      4.82063          1448
      4.82099           398
       4.9253          1448
      4.92716           772
      5.02695          1448
       5.0279          1126
      5.12769          1448
      5.12889          1448
      5.13009          1448
       5.1302            86
      5.22999          1448
      5.23119          1448
      5.23228          1306
      5.33203          1448
      5.33323          1448
      5.33443          1448
      5.33487           496
      5.43466          1448
      5.43586          1448
      5.43706          1448
      5.43811          1259
       5.5379          1448
       5.5391          1448
      5.54031          1448
       5.5412          1059
      5.64099          1448
      5.64219          1448
      5.64339          1448
      5.64436          1154
      5.74415          1448
      5.74535          1448
      5.74655          1448
      5.74775          1448
      5.74895          1448
      5.75016          1448
      5.75136          1448
      5.75167           343
      8.29356          1448
      8.29476          1448
      8.29596          1448
      8.29717          1448
      8.29837          1448
      8.29957          1448
      8.29975           167
      11.2936          1448
      11.2948          1448
       11.296          1448
      11.2972          1448
      11.2984          1448
      11.2985           164
      14.2936          1448
      14.2948          1448
       14.296          1448
      14.2972          1448
      14.2972            36
      17.2936          1448
      17.2948          1448
       17.296          1448
      17.2967           850
      20.2936          1448
      20.2948          1448
       20.296          1448
      20.2969          1103
      23.2936          1448
      23.2948          1448
       23.296          1448
      23.2972          1448
      26.2936          1448
      26.2948          1448
       26.296          1448
      26.2966           710
      29.2936          1448
      29.2948          1448
       29.296          1448
      29.2965           669
      32.2936          1448
      32.2948          1448
      32.2954           695
      35.2936          1448
      35.2948          1448
      35.2972          1448
      38.2936          1448
      38.2948          1448
      38.2972          1448
       38.299           691
      41.2936          1448
      41.2939           313
      44.2936          1448
      44.2948          1448
      44.2953           652
      47.2936          1448
      47.2936            29
      50.2936          1448
       50.294           455
      53.2936          1448
      53.2943           873
      56.2936          1448
      56.2944           939
      59.2936          1448
      59.2943           915
